2015-11-05	12.1000	0.0100167	190.651	-0.151308	-66015825.2500
2015-11-04	11.9800	0.0381282	117.518	0.0282947	7532594.8000
2015-11-03	11.5400	-0.00517241	49.4289	0.00878377	958346.6400
2015-11-02	11.6000	-0.0110827	64.695	0.10569	15270230.6100
2015-10-30	11.7300	0.0155844	103.348	0.0458852	10693343.0100
2015-10-29	11.5500	0.00873362	58.3287	0.027596	3562872.6800
2015-10-28	11.4500	-0.0329392	79.8109	-0.157381	-27884454.7500
2015-10-27	11.8400	-0.0116861	105.657	-0.0639674	-15084163.4600
2015-10-26	11.9800	0.0204429	145.45	0.0462473	15466101.4300
2015-10-23	11.7400	0.00772532	211.184	-0.0512456	-24415786.2800
2015-10-22	11.6500	0.0629562	182.302	0.134211	53715045.5700
2015-10-21	10.9600	-0.019678	175.791	-0.178861	-66495458.9200
2015-10-20	11.1800	0.00902527	69.751	0.0891892	13316065.4000
2015-10-19	11.0800	-0.019469	85.5759	-0.160677	-29406297.4100
2015-10-16	11.3000	0.0107335	107.494	-0.0555102	-12942920.7900
2015-10-15	11.1800	0.0172884	96.1428	0.1515	31008165.5300
2015-10-14	10.9900	-0.00722674	85.6936	-0.211387	-38244975.4000
2015-10-13	11.0700	-0.013369	106.36	-0.00729006	-1640891.7100
2015-10-12	11.2200	0.0437209	288.655	0.128797	78086908.2000
2015-10-09	10.7500	0.00844278	78.2883	0.0825411	13255915.3200
2015-10-08	10.6600	0.036965	97.9038	0.0404932	8100965.3500
2015-09-30	10.2800	-0.00194175	29.4728	-0.105204	-6118439.2900
2015-09-29	10.3000	-0.00961538	45.4203	-0.134537	-12095531.0000
2015-09-28	10.4000	0.01069	40.8689	0.128763	10418903.7100
2015-09-25	10.2900	-0.0105769	75.7816	-0.110375	-16536086.9000
2015-09-24	10.4000	0.0146341	57.681	0.000894138	102514.5700
2015-09-23	10.2500	-0.0293561	67.7412	-0.109556	-14704743.1200
2015-09-22	10.5600	0.0212766	122.503	-0.0224163	-5580727.3600
2015-09-21	10.3400	0.0197239	75.306	0.00796076	1173566.7700
2015-09-18	10.1400	0.00296736	67.9353	-0.0610183	-8035391.3200
2015-09-17	10.1100	-0.0533708	125.624	-0.0568599	-14362487.9500
2015-09-16	10.6800	0.0831643	132.478	0.0857672	22406966.5000
2015-09-15	9.8600	-0.0169492	139.567	-0.196792	-52643053.0700
2015-09-14	10.0300	-0.0608614	180.891	-0.291326	-103862692.2200
2015-09-11	10.6800	0.0123223	137.626	-0.0178738	-5036500.3700
2015-09-10	10.5500	-0.0204271	124.159	-0.139331	-35051926.9800
2015-09-09	10.7700	-0.0119266	394.853	0.0446509	36473348.1900
2015-09-08	10.9000	0.0215558	111.291	-0.0685923	-15542528.7200
2015-09-07	10.6700	-0.0193015	242.108	0.0835269	41781865.6200
2015-09-02	10.8800	0.100101	167.944	0.123586	40963519.1600
2015-09-01	9.8900	-0.0884793	112.285	-0.159538	-34916735.9300
2015-08-31	10.8500	0.0168697	184.141	0.0997094	39386759.8800
2015-08-28	10.6700	0.0712851	83.2607	0.0890642	14623271.0400
2015-08-27	9.9600	0.0440252	65.9575	-0.0208245	-2589052.6000
2015-08-26	9.5400	-0.0610236	117.857	0.0727748	16699392.5400
2015-08-25	10.1600	-0.100089	138.63	-0.585699	-159354380.8100
2015-08-24	11.2900	-0.099681	119.291	-0.423849	-110294867.7300
2015-08-21	12.5400	-0.0164706	123.043	-0.185959	-55439536.3800
2015-08-20	12.7500	-0.0499255	124.22	-0.0929368	-29244899.0300
2015-08-19	13.4200	0.0608696	173.489	-0.111475	-46791496.9300
2015-08-18	12.6500	-0.0671091	212.918	-0.0321614	-17413039.1500
2015-08-17	13.5600	0.0014771	116.566	-0.066594	-20085198.4300
2015-08-14	13.5500	-0.00220913	152.347	-0.031227	-12434017.5600
2015-08-13	13.5800	0.00518135	160.825	0.00100017	411012.8700
2015-08-12	13.5100	-0.0605007	242.715	0.155782	99464355.5800
2015-08-11	14.3800	0.0667656	383.73	0.351165	370023745.7000
2015-08-10	13.4800	0.100408	167.401	0.193241	80120268.3500
2015-08-07	12.2500	0.0311448	74.1246	0.0493919	8581640.2500
2015-08-06	11.8800	-0.019802	49.9365	-0.139685	-15941553.0200
2015-08-05	12.1200	-0.0327215	88.7007	-0.168719	-35199228.3700
2015-08-04	12.5300	0.0321252	102.08	0.076733	18476676.1100
2015-08-03	12.1400	0.0279424	74.7919	-0.105917	-17748751.7600
2015-07-31	11.8100	0.0216263	92.5342	-0.142232	-29555654.0400
2015-07-30	11.5600	-0.0624493	107.998	-0.127589	-32146506.0200
2015-07-29	12.3300	0.0370059	111.799	0.0961172	24885935.5100
2015-07-28	11.8900	0.0171086	188.75	-0.0621111	-25714157.9100
2015-07-27	11.6900	-0.100077	184.462	-0.126716	-55351011.6200
2015-07-24	12.9900	-0.0196226	170.377	-0.00291664	-1251310.1100
2015-07-23	13.2500	0.0161043	233.594	0.105374	61691504.9800
2015-07-22	13.0400	0.0610252	377.47	0.036921	34873445.9700
2015-07-21	12.2900	0.100269	17.5518	0.868345	35916812.1800
2015-07-20	11.1700	0	0	0	0.0000
2015-07-17	11.1700	0	0	0	0.0000
2015-07-16	11.1700	0	0	0	0.0000
2015-07-15	11.1700	0	0	0	0.0000
2015-07-14	11.1700	0	0	0	0.0000
2015-07-13	11.1700	0	0	0	0.0000
2015-07-10	11.1700	0.100493	121.434	0.436113	112429785.3600
2015-07-09	10.1500	0.099675	138.896	0.0789915	20714513.2300
2015-07-08	9.2300	-0.0834161	711.759	-0.70377	-894823867.2000
2015-07-07	10.0700	-0.100089	195.826	-0.295436	-113998685.5100
2015-07-06	11.1900	0.00810811	382.258	-0.0455252	-36535363.3600
2015-07-03	11.1000	-0.0159574	308.386	-0.116388	-76184123.4200
2015-07-02	11.2800	-0.0105263	295.777	-0.106119	-68745375.4200
2015-07-01	11.4000	-0.0531561	297.187	-0.0389626	-26861016.5000
2015-06-30	12.0400	0.0837084	296.511	0.0400623	25344179.8100
2015-06-29	11.1100	-0.0996758	296.606	-0.157001	-103547834.0100
2015-06-26	12.3400	-0.0999271	285.929	-0.209366	-144053427.7100
2015-06-25	13.7100	-0.0551344	220.603	-0.0750215	-45385930.1700
2015-06-24	14.5100	0.0298084	237.906	-0.0158017	-10404671.3800
2015-06-23	14.0900	-0.0181185	275.352	-0.162278	-116630863.3500
2015-06-19	14.3500	-0.0997491	253.23	-0.105388	-76470440.2300
2015-06-18	15.9400	-0.0556872	272.146	-0.116349	-100392050.5000
2015-06-17	16.8800	0.0280146	394.312	0.0441935	55589540.0600
2015-06-16	16.4200	-0.0202864	453.71	-0.12308	-176669128.3700
2015-06-15	16.7600	0.076429	754.443	0.151795	364998315.8400
2015-06-12	15.5700	0.0599047	684.644	0.0776546	153470854.8800
2015-06-11	14.6900	0.100375	553.402	0.24379	366805919.3300
2015-06-10	13.3500	0.00451467	248.661	-0.000904384	-575395.5200
2015-06-09	13.2900	-0.0199115	234.874	-0.140808	-84496342.6600
2015-06-08	13.5600	-0.00147275	300.351	-0.119652	-92913524.6000
2015-06-05	13.5800	0.0210526	355.599	0.0479441	44143960.1700
2015-06-04	13.3000	-0.00820283	266.076	-0.066194	-44414252.6500
2015-06-03	13.4100	-0.0240175	275.335	-0.0565026	-40229680.7600
2015-06-02	13.7400	0.0618238	445.493	0.0575845	64656358.0200
2015-06-01	12.9400	0.0597871	364.965	0.119395	106843015.9200
2015-05-29	12.2100	0.0365025	398.741	0.0490339	44020650.5900
2015-05-28	11.7800	-0.0811232	406.257	-0.122821	-119162620.3500
2015-05-27	12.8200	0.0174603	414.961	-0.000275434	-273808.2600
2015-05-26	12.6000	0.00478469	390.734	0.000642718	602541.2900
2015-05-25	12.5400	0.0582278	474.019	0.111894	125417926.5200
2015-05-22	11.8500	0.0224331	399.782	0.0362012	32467152.2300
2015-05-21	11.5900	0.0211454	314.562	0.00996254	6928261.6900
2015-05-20	11.3500	-0.0181661	353.076	-0.0715699	-56134553.0300
2015-05-19	11.5600	0.0131464	369.744	0.0468446	37885549.2800
2015-05-18	11.4100	0.0613953	491.129	0.119484	126861165.2500
2015-05-15	10.7500	-0.021838	232.32	-0.153434	-73789881.1500
2015-05-14	10.9900	0.00182315	217.737	-0.0671261	-30641523.5200
2015-05-13	10.9700	0.0339303	341.251	0.120618	85385710.1300
2015-05-12	10.6100	0.0037843	212.967	-0.0485404	-20996747.9400
2015-05-11	10.5700	0.0292113	219.694	-0.0819202	-36024122.3400
2015-05-08	10.2700	0.025974	168.547	0.0977392	32069301.4400
2015-05-07	10.0100	-0.0356455	165.291	-0.00762055	-2456463.5300
2015-05-06	10.3800	0.00776699	213.57	0.0953234	40610016.1300
2015-05-05	10.3000	-0.0427509	228.374	-0.110366	-50682622.1300
2015-05-04	10.7600	0.00654818	208.325	-0.0222788	-9508045.6200
2015-04-30	10.6900	-0.0210623	217.543	-0.033419	-15114114.2800
2015-04-29	10.9200	0.0272813	210.405	0.210466	91404528.8500
2015-04-28	10.6300	-0.0423423	353.818	-0.0682586	-50209219.4300
2015-04-27	11.1000	0.0127737	323.803	0.110453	76147769.6000
2015-04-24	10.9600	-0.00904159	285.912	-0.0253537	-15141709.8800
2015-04-23	11.0600	-0.00628931	335.645	-0.0661671	-46994412.5900
2015-04-22	11.1300	0.0258065	326.364	0.0514244	35599133.6000
2015-04-21	10.8500	0.0333333	214.723	0.141879	62636050.5100
2015-04-20	10.5000	-0.0454545	362.721	-0.0900341	-67010284.1100
2015-04-17	11.0000	-0.00990099	283.15	-0.114375	-68683971.9900
2015-04-16	11.1100	0.0183318	242.39	0.0558568	28349628.3100
2015-04-15	10.9100	-0.0529514	305.302	-0.08003	-52003936.5700
2015-04-14	11.5200	-0.0229008	384.357	0.0306893	26729188.6400
2015-04-13	11.7900	0.0424403	375.698	0.0255721	21410308.1700
2015-04-10	11.3100	0.00622776	303.247	0.0148646	9732674.1300
2015-04-09	11.2400	0.0378578	497.339	0.0267034	28041674.7000
2015-04-08	10.8300	-0.00914913	420.398	-0.0140922	-12275066.3100
2015-04-07	10.9300	0.0540019	465.367	0.101956	96449514.1100
2015-04-03	10.3700	-0.00384246	272.386	-0.0486721	-26417315.7200
2015-04-02	10.4100	-0.00762631	257.248	-0.143968	-74205305.8500
2015-04-01	10.4900	0.0194363	280.325	0.121943	68270517.9200
2015-03-31	10.2900	-0.0115274	282.645	0.0280973	15779500.0000
2015-03-30	10.4100	-0.00287356	316.98	0.0363461	23028004.9800
2015-03-27	10.4400	0.0357143	373.522	0.090674	66437728.3400
2015-03-26	10.0800	-0.00099108	269.586	-0.0532087	-27794135.8200
2015-03-25	10.0900	0.0171371	362.135	0.0271876	18809387.6000
2015-03-24	9.9200	-0.0187933	276.062	-0.109425	-57596900.9600
2015-03-23	10.1100	0.011	292.218	0.0663955	37465681.4000
2015-03-20	10.0000	0.0131712	307.985	-0.0683397	-39792125.8300
2015-03-19	9.8700	-0.0149701	240.847	-0.160145	-73002441.1600
2015-03-18	10.0200	0.01417	297.928	0.117605	66648511.6300
2015-03-17	9.8800	0.0302398	315.681	0.014251	8353956.4700
2015-03-16	9.5900	0.0148148	332.884	0.221806	135304683.8700
2015-03-13	9.4500	0.00638978	133.491	0.0334381	8072382.9400
2015-03-12	9.3900	-0.00529661	152.015	0.108668	29960874.6800
2015-03-11	9.4600	-0.0337079	168.066	-0.0286949	-8886122.2200
2015-03-10	9.7900	-0.00709939	261.155	0.0875428	43351071.4500
2015-03-09	9.8600	-0.0179283	236.797	-0.0659094	-29112416.4700
2015-03-06	10.0400	0.0100604	504.439	0.249502	245960107.1100
2015-03-05	9.9400	0.00100705	310.24	-0.0282256	-16346811.9400
2015-03-04	9.8300	0.0282427	211.703	0.0105179	4234273.2900
2015-03-03	9.9700	-0.002002	144.869	0.0360722	9949052.1700
2015-03-02	9.9900	0.0256674	236.74	0.0407022	18310665.6900
2015-02-27	9.7400	0.00619835	188.38	0.02068	7276711.4500
2015-02-26	9.6800	-0.0102249	157.302	0.064752	18851085.9800
2015-02-25	9.7800	0.0723684	302.224	0.0886356	48915689.8200
2015-02-17	9.1200	0.0506912	345.186	0.0999504	61115672.0800
2015-02-16	8.6800	0	0	0	0.0000
2015-02-13	8.6800	0	0	0	0.0000
2015-02-12	8.6800	0	0	0	0.0000
2015-02-11	8.6800	0	0	0	0.0000
2015-02-10	8.6800	0	0	0	0.0000
2015-02-09	8.6800	0	0	0	0.0000
2015-02-06	8.6800	0	0	0	0.0000
2015-02-05	8.6800	0	0	0	0.0000
2015-02-04	8.6800	0	0	0	0.0000
2015-02-03	8.6800	0	0	0	0.0000
2015-02-02	8.6800	0	0	0	0.0000
2015-01-30	8.6800	0	0	0	0.0000
2015-01-29	8.6800	0	0	0	0.0000
2015-01-28	8.6800	0	0	0	0.0000
2015-01-27	8.6800	0	0	0	0.0000
2015-01-26	8.6800	0	0	0	0.0000
2015-01-23	8.6800	0	0	0	0.0000
2015-01-22	8.6800	0	0	0	0.0000
2015-01-21	8.6800	0	0	0	0.0000
2015-01-20	8.6800	0	0	0	0.0000
2015-01-19	8.6800	0	0	0	0.0000
2015-01-16	8.6800	0	0	0	0.0000
2015-01-15	8.6800	0	0	0	0.0000
2015-01-14	8.6800	0	0	0	0.0000
2015-01-13	8.6800	0	0	0	0.0000
2015-01-12	8.6800	0	0	0	0.0000
2015-01-09	8.6800	0	0	0	0.0000
2015-01-08	8.6800	0	0	0	0.0000
2015-01-07	8.6800	0	0	0	0.0000
2015-01-06	8.6800	0	0	0	0.0000
2015-01-05	8.6800	0	0	0	0.0000
2014-12-31	8.6800	0	0	0	0.0000
2014-12-30	8.6800	-0.0214205	256.635	-0.0717941	-17027600.8700
2014-12-29	8.8700	0.0102506	339.778	0.0632784	19863849.4000
2014-12-26	8.7800	0.00114025	264.373	0.0937064	22807408.7300
2014-12-25	8.7700	0.0403321	384.795	0.111913	39346043.6900
2014-12-24	8.4300	0.019347	213.447	-0.0604059	-11412769.4300
2014-12-23	8.2700	-0.00839329	163.846	-0.160453	-23192527.1900
2014-12-22	8.3400	-0.0222743	322.596	-0.139382	-39375319.8800
2014-12-19	8.5300	0.00352941	230.713	0.0287097	5897098.2400
2014-12-18	8.5000	-0.00468384	207.243	0.0164515	3069340.0200
2014-12-17	8.5400	-0.0426009	463.972	-0.16094	-67627960.0200
2014-12-16	8.9200	-0.0110865	336.329	-0.110446	-34818727.0900
2014-12-15	9.0200	0.0403691	535.108	0.202779	101743993.3500
2014-12-12	8.6700	-0.00573394	314.574	-0.0458605	-13256310.4400
2014-12-11	8.7200	-0.00228833	497.745	-0.140004	-63559938.0900
2014-12-10	8.7400	0.0790123	705.372	0.209939	133148244.1800
2014-12-09	8.1000	-0.0380048	569.702	-0.0730683	-36789149.4400
2014-12-08	8.4200	0.0206061	432.606	0.0480223	18332744.6600
2014-12-05	8.2500	-0.0373396	560.486	-0.0133349	-6521322.6200
2014-12-04	8.5700	0.0489596	700.119	0.197274	123010453.5100
2014-12-03	8.1700	0.0289673	426.076	0.200239	72289773.8300
2014-12-02	7.9400	0.0205656	225.999	0.203513	38268389.0600
2014-12-01	7.7800	-0.0089172	208.732	-0.248892	-42417008.1600
2014-11-28	7.8500	-0.0125786	251.032	-0.242853	-50293538.9800
2014-11-27	7.9500	-0.00625	212.076	-0.322491	-57268686.8400
2014-11-26	8.0000	0.0126582	228.089	0.0853118	16353995.8700
2014-11-25	7.9000	0.00893997	162.345	0.133704	17943306.9600
2014-11-24	7.8300	0.0116279	196.481	0.0598355	9660439.8700
2014-11-21	7.7400	0.015748	122.268	0.0924385	9151669.6200
2014-11-20	7.6200	-0.00651891	101.535	-0.0714609	-5831962.4500
2014-11-19	7.6700	0.00261438	136.974	0.134455	14824605.6900
2014-11-18	7.6500	-0.0242347	245.131	-0.0583457	-11489512.7200
2014-11-17	7.8400	-0.0473876	726.283	0.326243	200595250.3600
2014-11-14	8.2300	0.0110565	391.679	0.510055	171154326.2900
2014-11-13	8.1400	-0.00610501	297.327	-0.124429	-31855921.1400
2014-11-12	8.1900	0.00614251	217.548	-0.0422448	-7832942.7300
2014-11-11	8.1400	-0.0332542	627.74	0.131131	71323838.4900
2014-11-10	8.4200	0.0230863	509.519	0.0990732	44365140.9300
2014-11-07	8.2300	0.00365854	331.929	-0.138938	-39845124.5300
2014-11-06	8.2000	0.00737101	244.11	0.0411524	8558974.3700
2014-11-05	8.1400	0.0369427	332.771	0.195854	54967160.4100
2014-11-04	7.8500	-0.011335	208.374	-0.178161	-30574957.2600
2014-11-03	7.9400	0.0192555	309.096	0.13074	33724332.3700
2014-10-31	7.7900	0.0116883	251.148	0.0103792	2118143.8300
2014-10-30	7.7000	0.0078534	267.134	-0.0159443	-3450844.3200
2014-10-29	7.6400	0.00924703	223.16	0.0235889	4204648.5300
2014-10-28	7.5700	0.022973	151.559	0.136374	16354234.8500
2014-10-27	7.4000	0.0095498	114.88	0.0651422	5776957.8500
2014-10-24	7.3300	-0.00677507	152.078	-0.0698956	-8245290.9900
2014-10-23	7.3800	-0.0212202	174.154	-0.134924	-18413074.3800
2014-10-22	7.5400	0.00132802	126.668	0.0550114	5534948.0800
2014-10-21	7.5300	-0.0321337	258.275	-0.20293	-41935157.3500
2014-10-20	7.7800	0.00907912	178.177	0.00523353	763465.2900
2014-10-17	7.7100	-0.0516605	479.876	0.0614888	24117865.4800
2014-10-16	8.1300	-0.0332937	656.164	0.0530396	30915277.8400
2014-10-15	8.4100	0.0331695	617.192	0.148253	80963358.7800
2014-10-14	8.1400	-0.00488998	172.299	-0.0838383	-12433584.5300
2014-10-13	8.1800	0.004914	167.047	-0.0345372	-4943718.8100
2014-10-10	8.1400	-0.0366864	295.064	-0.181123	-46366070.3700
2014-10-09	8.4500	-0.00705053	210.341	-0.187722	-35224014.0600
2014-10-08	8.5100	0.00472255	228.711	0.00293538	598407.5300
2014-09-30	8.4700	-0.00352941	153.708	-0.211099	-28950318.7500
2014-09-29	8.5000	0.0131108	282.991	0.0498645	12604605.3800
2014-09-26	8.3900	0.00358852	143.986	0.0856358	10883305.1400
2014-09-25	8.3600	0.00844391	258.606	0.140369	32006307.8500
2014-09-24	8.2900	-0.00480192	317.664	0.125482	34958828.5500
2014-09-23	8.3300	0.013382	364.555	0.300265	96061068.0300
2014-09-22	8.2200	-0.0190931	160.08	-0.138872	-19270084.8300
2014-09-19	8.3800	0.0108565	208.759	-0.00889582	-1624663.7700
2014-09-18	8.2900	0.00120773	222.033	0.017014	3288075.1500
2014-09-17	8.2800	0.0272953	344.338	0.336067	99789123.1500
2014-09-16	8.0600	-0.0517647	283.302	-0.195026	-48123861.9800
2014-09-15	8.5000	0.00354191	400.787	0.154062	55041489.0900
2014-09-12	8.4700	0.0266667	408.212	0.161426	57493277.4400
2014-09-11	8.2500	-0.0282686	449.648	-0.0440584	-17355095.2800
2014-09-10	8.4900	-0.0104895	430.989	-0.0332385	-13063946.6900
2014-09-09	8.5800	0.1	427.104	0.0838624	31367430.0400
2014-09-05	7.8000	0.0441767	339.065	0.197473	54399458.9800
2014-09-04	7.4700	0	224.414	-0.0424332	-7468551.4000
2014-09-03	7.4700	0.04039	480.949	-0.063258	-23534057.4100
2014-09-02	7.1800	0.0141243	218.249	-0.22237	-36381604.8300
2014-09-01	7.0800	0.0598802	334.43	0.0311915	7731300.5300
2014-08-29	6.6800	0.0121212	89.942	0.201271	12705783.9200
2014-08-28	6.6000	0.00456621	97.526	0.133496	9058219.3800
2014-08-27	6.5700	0.00612557	68.1695	0.0662881	3116040.7600
2014-08-26	6.5300	-0.0135952	91.1657	-0.197625	-12513087.7500
2014-08-25	6.6900	-0.00446429	97.7243	-0.180602	-12426244.4400
2014-08-22	6.7200	-0.00148588	104.967	-0.0811996	-6032370.7600
2014-08-21	6.7300	-0.00590842	123.124	-0.102498	-8941012.8200
2014-08-20	6.7700	0.0242057	210.251	0.191528	28473912.6900
2014-08-19	6.6100	-0.00151057	91.3018	-0.104059	-6595489.6400
2014-08-18	6.6200	0.00607903	89.2684	-0.102731	-6381420.4100
2014-08-15	6.5800	0.00611621	86.7045	0.1531	9207626.1000
2014-08-14	6.5400	-0.00758725	68.2341	-0.169862	-8034224.8200
2014-08-13	6.5900	-0.00902256	68.0573	-0.159632	-7543304.6200
2014-08-12	6.6500	0.00150602	73.2991	-0.163097	-8353968.1100
2014-08-11	6.6400	0.0184049	83.674	0.116674	6792510.7400
2014-08-08	6.5200	-0.00153139	65.7766	-0.140432	-6330190.3000
2014-08-07	6.5300	-0.0180451	99.502	-0.378064	-26033166.4500
2014-08-06	6.6500	0.0091047	75.0233	0.0424663	2222594.2800
2014-08-05	6.5900	-0.011994	102.677	-0.28631	-20523400.1800
2014-08-04	6.6700	0.0245776	134.786	0.012373	1157205.5600
2014-08-01	6.5100	-0.00610687	201.885	0.0717614	10139209.9400
2014-07-31	6.5500	0	74.4324	-0.0316453	-1618509.0800
2014-07-30	6.5500	0.00924499	136.844	0.1052	9909194.4000
2014-07-29	6.4900	0.00464396	151.193	0.147754	15326097.2600
2014-07-28	6.4600	0.00623053	181.506	-0.000781885	-96151.0500
2014-07-25	6.4200	0.0174326	115.924	0.365179	28430893.8500
2014-07-24	6.3100	0.0096	76.3894	0.19467	9856235.7800
2014-07-23	6.2500	-0.00950872	46.2646	-0.0379216	-1161918.4300
2014-07-22	6.3100	0.0112179	64.1869	0.0590928	2510829.8600
2014-07-21	6.2400	-0.00952381	49.6343	-0.226287	-7375744.3600
2014-07-18	6.3000	0.008	63.259	0.0816166	3434394.2200
2014-07-17	6.2500	-0.0126382	65.0278	-0.292923	-12548600.6300
2014-07-16	6.3300	-0.00314961	71.9091	-0.0145167	-698998.8900
2014-07-15	6.3500	0.00953895	111.233	0.188849	14018240.5600
2014-07-14	6.2900	0.00159236	89.8594	-0.278039	-16506941.6600
2014-07-11	6.2800	-0.00475436	63.4573	-0.220528	-9280357.8300
2014-07-10	6.3100	0.0144695	102.084	0.21069	14308938.1900
2014-07-09	6.2200	-0.00955414	86.6487	-0.00937278	-536411.1400
2014-07-08	6.2800	0.00319489	49.6383	-0.261684	-8544793.6200
2014-07-07	6.2600	0	47.5018	-0.0221677	-694583.7900
2014-07-04	6.2600	0.00967742	75.0137	0.0272745	1346962.8000
2014-07-03	6.2000	0.00323625	67.95	-0.110177	-4897280.3500
2014-07-02	6.1800	0.00324675	31.6423	-0.16555	-3400642.3800
2014-07-01	6.1600	-0.0096463	50.805	-0.18848	-6232272.8800
2014-06-30	6.2200	0.00647249	35.3027	0.169965	3929113.8000
2014-06-27	6.1800	-0.00161551	33.1541	0.0376632	813377.2700
2014-06-26	6.1900	0.00487013	40.3838	0.237081	6251463.7200
2014-06-25	6.1600	0.00653595	46.7378	-0.0557149	-1672103.5100
2014-06-24	6.1200	-0.00163132	33.5297	-0.116627	-2521391.7400
2014-06-23	6.1300	0	31.1667	-0.0617196	-1242359.5900
2014-06-20	6.1300	0.00656814	30.089	0.0220777	427325.3400
2014-06-19	6.0900	-0.0161551	43.6635	-0.0923557	-2599315.8500
2014-06-18	6.1900	-0.0143312	45.6386	-0.13226	-3965172.9400
2014-06-17	6.2800	-0.00158983	47.2836	-0.011304	-352017.7000
2014-06-16	6.2900	-0.0015873	55.5196	-0.278409	-10219473.9400
2014-06-13	6.3000	-0.00158479	58.4512	-0.180666	-7017442.4700
2014-06-12	6.3100	-0.00158228	41.1001	-0.22396	-6118083.1800
2014-06-11	6.3200	-0.00472441	71.749	-0.311907	-14896731.5300
2014-06-10	6.3500	0.0241935	139.596	0.139647	13015680.3500
2014-06-09	6.2000	0.00813008	46.4191	0.0729385	2204375.1900
2014-06-06	6.1500	-0.00324149	37.1775	-0.343549	-8276719.4100
2014-06-05	6.1700	0.00325203	58.5296	-0.307756	-11677426.8000
2014-06-04	6.1500	0	70.4742	-0.237621	-10816238.8600
2014-06-03	6.1500	-0.00162338	63.499	-0.200202	-8287533.7700
2014-05-30	6.1600	0.00325733	50.1838	-0.379652	-12376029.0900
2014-05-29	6.1400	-0.00647249	76.3692	-0.44072	-21838760.9600
2014-05-28	6.1800	0.00651466	84.3158	0.215414	11785408.1400
2014-05-27	6.1400	0.00326797	75.0145	-0.0914774	-4438443.9800
2014-05-26	6.1200	0.013245	85.4756	-0.0010213	-55860.7800
2014-05-23	6.0400	0.00666667	69.9182	-0.0274185	-1216341.5100
2014-05-22	6.0000	0.0169492	169.753	-0.0815635	-8719673.2900
2014-05-21	5.9000	-0.00169205	118.83	-0.168686	-12357641.8700
2014-05-20	5.9100	-0.0452342	295.507	-0.0887897	-16406938.8700
2014-05-19	6.1900	-0.0016129	72.2051	-0.265068	-12439022.5700
2014-05-16	6.2000	0.00813008	111.806	0.0933807	6773310.9800
2014-05-15	6.1500	0.00490196	114.248	0.0369674	2729505.8900
2014-05-14	6.1200	0.00327869	65.8495	-0.15454	-6555618.2100
2014-05-13	6.1000	-0.012945	126.044	-0.248917	-20124965.4300
2014-05-12	6.1800	0.0164474	117.411	0.04706	3575535.3100
2014-05-09	6.0800	0.00662252	108.351	0.0144804	1002343.5600
2014-05-08	6.0400	-0.0114566	151.223	-0.118828	-11494133.0700
2014-05-07	6.1100	-0.0192616	174.349	-0.238081	-26947390.9200
2014-05-06	6.2300	-0.00479233	175.14	-0.200514	-23046893.2800
2014-05-05	6.2600	0.0228758	255.194	0.0361912	6043355.0900
2014-04-30	6.1200	-0.0129032	192.867	-0.241801	-30151060.0500
2014-04-29	6.2000	0.0130719	266.334	0.0955894	16445320.9300
2014-04-28	6.1200	0.02	345.802	0.0427362	9488307.9000
2014-04-25	6.0000	0.00166945	162.374	0.0172191	1766610.9600
2014-04-24	5.9900	0	114.071	-0.114427	-8216824.9600
2014-04-23	5.9900	0.0327586	234.504	0.0331168	4849343.1700
2014-04-22	5.8000	-0.0051458	88.5826	-0.20109	-10905675.5300
2014-04-21	5.8300	-0.0085034	63.413	-0.225062	-8816252.1300
2014-04-18	5.8800	0	48.7849	-0.0787088	-2375259.2400
2014-04-17	5.8800	0.00341297	67.9857	-0.138893	-5859418.9100
2014-04-16	5.8600	-0.00509338	56.2384	-0.275896	-9593627.6400
2014-04-15	5.8900	-0.00506757	90.0042	-0.319262	-17774472.2800
2014-04-14	5.9200	0.00509338	90.3158	0.0108362	606235.9000
2014-04-11	5.8900	-0.00674536	97.2359	-0.178905	-10835159.2200
2014-04-10	5.9300	0.00679117	130.817	-0.21723	-17620558.4600
2014-04-09	5.8900	0.00856164	75.6953	0.187445	8768301.9500
2014-04-08	5.8400	0.00863558	102.805	0.0859147	5427512.4400
2014-04-04	5.7900	0.00695652	42.6819	0.0984874	2550466.1300
2014-04-03	5.7500	-0.0137221	74.3828	-0.347132	-15701178.7600
2014-04-02	5.8300	0.00690846	63.7536	-0.0959608	-3756343.8300
2014-04-01	5.7900	0.0087108	30.4796	-0.0615609	-1144424.6600
2014-03-31	5.7400	-0.0103448	57.9368	-0.306107	-10799820.8000
2014-03-28	5.8000	-0.00854701	64.4166	-0.195643	-7734804.2900
2014-03-27	5.8500	-0.0101523	74.956	0.0521603	2422056.3200
2014-03-26	5.9100	-0.00168919	91.6458	-0.190466	-10911039.7700
2014-03-25	5.9200	-0.00168634	78.3844	0.0606028	2963317.7800
2014-03-24	5.9300	0.0085034	103.424	-0.0223044	-1439111.7100
2014-03-21	5.8800	0.026178	111.278	0.158576	10806901.5300
2014-03-20	5.7300	-0.0271647	120.534	-0.282917	-21062348.3200
2014-03-19	5.8900	-0.00674536	94.8808	-0.0885391	-5198922.5600
2014-03-18	5.9300	-0.0198347	195.731	0.184451	22785768.7800
2014-03-17	6.0500	0.0185185	269.992	0.280938	47889193.8500
2014-03-14	5.9400	0.0439367	203.788	0.197928	24708924.1700
2014-03-13	5.6900	0.00707965	68.4238	0.0847605	3471745.1400
2014-03-12	5.6500	-0.00528169	81.0686	-0.186067	-8940188.9100
2014-03-11	5.6800	0.00530973	59.9563	-0.0520721	-1858182.8100
2014-03-10	5.6500	-0.0439932	119.842	-0.314187	-22731293.5600
2014-03-07	5.9100	0.00510204	115.642	-0.155332	-11146204.4300
2014-03-06	5.8800	-0.00507614	92.299	-0.0936574	-5340016.1000
2014-03-05	5.9100	-0.015	104.545	-0.208169	-13642460.9400
2014-03-04	6.0000	-0.00166389	122.812	-0.0788222	-6084883.8700
2014-03-03	6.0100	0.0186441	150.712	0.0598476	5691694.5200
2014-02-28	5.9000	0.00511073	82.5775	0.00377173	192773.5400
2014-02-27	5.8700	-0.0200334	180.12	-0.157538	-17902607.6900
2014-02-26	5.9900	0.0204429	195.041	0.0401023	4849324.9100
2014-02-25	5.8700	0.017331	254.834	0.0888787	14169563.7600
2014-02-24	5.7700	-0.00345423	94.5875	-0.0685916	-3924588.1100
2014-02-21	5.7900	-0.0119454	86.9662	-0.173542	-9229739.5000
2014-02-20	5.8600	-0.0118044	104.068	-0.226449	-14623343.8400
2014-02-19	5.9300	0.00508475	108.555	-0.0270603	-1834916.0000
2014-02-18	5.9000	0	93.9669	-0.0917227	-5338354.8700
2014-02-17	5.9000	0.010274	101.881	0.200671	12665352.9300
2014-02-14	5.8400	0.00863558	89.5802	0.176735	9702359.4900
2014-02-13	5.7900	-0.0102564	97.5543	-0.323792	-19343460.3400
2014-02-12	5.8500	0.00862069	116.094	-0.0386607	-2753042.6100
2014-02-11	5.8000	0.00519931	113.836	-0.0530812	-3687056.2800
2014-02-10	5.7700	0.0248668	92.1226	0.131883	7348268.4600
2014-02-07	5.6300	0	50.0727	-0.0091822	-271648.3300
2014-01-30	5.6300	-0.00880282	67.3111	-0.44453	-17783626.9400
2014-01-29	5.6800	0.00530973	38.5036	-0.0880266	-2024198.4200
2014-01-28	5.6500	0	47.0716	-0.117643	-3303567.4000
2014-01-27	5.6500	-0.0139616	65.5093	-0.143688	-5612182.5000
2014-01-24	5.7300	0.00350263	63.4043	-0.254447	-9753680.7400
2014-01-23	5.7100	-0.0155172	88.4351	-0.242028	-12896616.8500
2014-01-22	5.8000	0.0175439	57.1522	0.102665	3566448.5100
2014-01-21	5.7000	0.0106383	31.88	-0.0285086	-544370.9400
2014-01-20	5.6400	0.00534759	29.2854	0.0273127	473381.5300
2014-01-17	5.6100	-0.0140598	36.9707	-0.32693	-7175180.5800
2014-01-16	5.6900	0	43.1214	-0.177529	-4587789.8100
2014-01-15	5.6900	-0.0069808	30.5349	-0.246723	-4510740.4500
2014-01-14	5.7300	0.0141593	45.2937	0.119563	3232542.8600
2014-01-13	5.6500	0.0035524	41.9809	0.0778126	1940875.8400
2014-01-10	5.6300	-0.0191638	61.9787	-0.222979	-8209931.6200
2014-01-09	5.7400	-0.0221465	75.3096	-0.198848	-9154016.2300
2014-01-08	5.8700	-0.00508475	63.358	-0.18837	-7397253.1200
2014-01-07	5.9000	0.00682594	46.465	-0.0534453	-1546151.2200
2014-01-06	5.8600	-0.0298013	85.9509	-0.299028	-15968928.1300
2014-01-03	6.0400	-0.00983607	89.3971	-0.252266	-14317558.2200
2014-01-02	6.1000	-0.00489396	89.419	0.146923	8435630.4400
2013-12-31	6.1300	-0.0128824	186.317	0.332747	40167708.4200
2013-12-30	6.2100	0.00323102	240.516	0.422634	66489743.2300
2013-12-27	6.1900	0.033389	229.604	0.33536	49790775.5000
2013-12-26	5.9900	-0.00332779	74.973	0.104667	4956031.5100
2013-12-25	6.0100	0.00670017	59.3915	-0.242253	-9080533.0700
2013-12-24	5.9700	0	69.4599	-0.30409	-13260278.9600
2013-12-23	5.9700	0.00844595	86.2069	-0.000776605	-41922.0800
2013-12-20	5.9200	-0.0133333	106.336	-0.245265	-16268894.7500
2013-12-19	6.0000	-0.00497512	67.3001	-0.216351	-9225796.4000
2013-12-18	6.0300	0.00166113	59.1685	-0.180926	-6769197.5100
2013-12-17	6.0200	0	70.0386	-0.230034	-10224237.0900
2013-12-16	6.0200	-0.0211382	98.3427	-0.398641	-25060993.2800
2013-12-13	6.1500	-0.00485437	59.3457	-0.257908	-9904499.7800
2013-12-12	6.1800	0.0164474	94.4212	-0.026894	-1645793.9100
2013-12-11	6.0800	-0.0161812	87.3385	-0.116073	-6524451.9100
2013-12-10	6.1800	-0.00643087	70.654	-0.30788	-14206207.0700
2013-12-09	6.2200	0.00647249	77.4039	0.150668	7619354.0600
2013-12-06	6.1800	0.00162075	53.8402	0.077186	2702027.6300
2013-12-05	6.1700	0.00162338	96.3435	-0.018067	-1130155.1900
2013-12-04	6.1600	0.0131579	133.638	0.0802365	6949107.0800
2013-12-03	6.0800	0.0133333	70.8535	0.0601272	2712032.7600
2013-12-02	6.0000	-0.0353698	200.411	0.0851757	10884833.8500
2013-11-29	6.2200	0.00161031	89.0161	-0.277453	-16191054.2900
2013-11-28	6.2100	-0.00480769	138.031	-0.141384	-12785600.4000
2013-11-27	6.2400	0.00321543	187.964	0.155062	19090538.4300
2013-11-26	6.2200	0.0280992	221.63	0.261915	37676037.8200
2013-11-25	6.0500	0.00331675	85.9739	-0.133548	-7304232.2300
2013-11-22	6.0300	-0.00985222	92.637	-0.287448	-16951846.2700
2013-11-21	6.0900	-0.00327332	92.3883	0.112031	6607510.2600
2013-11-20	6.1100	0.00493421	78.5631	-0.0787681	-3972170.2300
2013-11-19	6.0800	-0.00815661	108.293	-0.168579	-11702299.4400
2013-11-18	6.1300	0.0149007	127.454	0.101686	8314113.8000
2013-11-15	6.0400	0.00834725	90.467	-0.017418	-1006264.4000
2013-11-14	5.9900	0.0204429	59.1648	0.0888178	3291679.8400
2013-11-13	5.8700	-0.0249169	63.9875	-0.0401394	-1606592.7600
2013-11-12	6.0200	0.0117647	77.514	0.0119234	585021.8700
2013-11-11	5.9500	0.0136286	62.608	0.0231851	903865.4700
2013-11-08	5.8700	-0.0134454	81.3107	-0.136816	-6909989.9000
2013-11-07	5.9500	-0.0197694	95.569	-0.209027	-12599182.6300
2013-11-06	6.0700	-0.00491803	93.6665	0.0235416	1410435.3400
2013-11-05	6.1000	0	89.5407	-0.104686	-5969526.8800
2013-11-04	6.1000	-0.00326797	75.3213	-0.248591	-12052833.9300
2013-11-01	6.1200	0.00163666	70.1276	-0.121478	-5506445.7000
2013-10-31	6.1100	-0.0208333	129.1	-0.123111	-10178197.2000
2013-10-30	6.2400	0.00970874	88.7413	-0.235513	-13645281.0600
2013-10-29	6.1800	-0.0221519	139.683	-0.1656	-15068156.4400
2013-10-28	6.3200	-0.00472441	77.0228	-0.131358	-6736466.5600
2013-10-25	6.3500	-0.0230769	125.684	-0.173105	-14672139.7200
2013-10-24	6.5000	0.00308642	97.7756	-0.0944024	-6309665.4900
2013-10-23	6.4800	-0.0196672	176.582	-0.116854	-14190274.8700
2013-10-22	6.6100	-0.0279412	190.016	-0.321731	-43306166.7600
2013-10-21	6.8000	0.0179641	185.811	0.14481	19186378.8100
2013-10-18	6.6800	0	204.939	-0.11767	-16733564.6200
2013-10-17	6.6800	0.00906344	232.125	0.0166622	2756617.7800
2013-10-16	6.6200	-0.0279001	205.336	-0.152689	-21911120.3400
2013-10-15	6.8100	0.0133929	303.886	-0.0244891	-5390670.4300
2013-10-14	6.7200	0.00149031	191.72	-0.00716304	-970041.9400
2013-10-11	6.7100	0.0435459	270.554	0.190825	36072381.1200
2013-10-10	6.4300	-0.021309	195.816	-0.28121	-37636843.0900
2013-10-09	6.5700	-0.0030349	185.893	-0.193038	-24737840.1600
2013-10-08	6.5900	0.0122888	280.376	-0.0740264	-14417363.1100
2013-09-30	6.5100	0.0416	347.356	0.206794	48567363.4200
2013-09-27	6.2500	0.0113269	155.711	0.0504307	5168932.9200
2013-09-26	6.1800	-0.0174881	247.668	0.011813	1943066.3400
2013-09-25	6.2900	0.0161551	172.518	0.0629427	7151018.9500
2013-09-24	6.1900	-0.0127592	103.131	-0.328695	-22045993.7200
2013-09-23	6.2700	0.0145631	106.807	0.212458	14868226.5900
2013-09-18	6.1800	0.0131148	111.568	0.0563643	4062848.4100
2013-09-17	6.1000	-0.031746	123.341	-0.351059	-28220332.9900
2013-09-16	6.3000	0.00478469	96.3968	0.0553902	3533227.7200
2013-09-13	6.2700	-0.00947867	158.094	-0.0934204	-9720353.3400
2013-09-12	6.3300	0.0047619	166.106	0.0109	1206312.6100
2013-09-11	6.3000	0.011236	240.013	-0.101872	-16252449.9600
2013-09-10	6.2300	0.00160772	191.63	-0.0852966	-10664249.4200
2013-09-09	6.2200	0.00810373	214.66	0.171515	24039877.3000
2013-09-06	6.1700	0.0131363	205.599	0.0978042	12934520.4700
2013-09-05	6.0900	0.015	237.607	-0.00465685	-709742.8600
2013-09-04	6.0000	-0.00662252	112.026	-0.246904	-17479468.8600
2013-09-03	6.0400	0.0134228	114.412	0.0967977	6990474.9400
2013-09-02	5.9600	-0.00666667	114.663	-0.359121	-25717213.7100
2013-08-30	6.0000	-0.00332226	94.3524	-0.204526	-12220358.8700
2013-08-29	6.0200	0.00333333	64.4284	-0.13412	-5474724.2600
2013-08-28	6.0000	-0.00990099	107.024	-0.146057	-9881604.5900
2013-08-27	6.0600	0.00331126	85.0171	-0.0992916	-5379613.6200
2013-08-26	6.0400	0.0237288	97.8021	0.128317	7918420.9500
2013-08-23	5.9000	-0.00673401	92.3325	-0.248532	-14257947.0100
2013-08-22	5.9400	-0.01	74.4386	-0.186031	-8693644.6200
2013-08-21	6.0000	0.00671141	54.1761	-0.128544	-4388774.5000
2013-08-20	5.9600	-0.0116086	71.122	-0.281752	-12638464.4300
2013-08-19	6.0300	0.011745	74.0929	-0.0290206	-1353413.1400
2013-08-16	5.9600	-0.0197368	152.989	-0.179176	-17372618.6800
2013-08-15	6.0800	-0.028754	156.565	-0.326528	-33058282.1400
2013-08-14	6.2600	0.0262295	248.405	0.0749328	12271544.5700
2013-08-13	6.1000	0.00164204	99.3653	0.0493753	3146939.9400
2013-08-12	6.0900	0.0133111	119.659	0.135493	10319417.8200
2013-08-09	6.0100	-0.00825083	98.4521	-0.190107	-11844586.8200
2013-08-08	6.0600	0.0150754	126.632	0.142487	11424345.9400
2013-08-07	5.9700	0.0101523	158.001	0.137807	13697291.8400
2013-08-06	5.9100	0.00339559	116.737	-0.179733	-12998212.1900
2013-08-05	5.8900	0.0155172	119.243	0.129088	9474959.2600
2013-08-02	5.8000	-0.00343643	101.308	0.0612827	3794308.2100
2013-08-01	5.8200	0.0192644	127.557	0.110979	8607212.5700
2013-07-31	5.7100	-0.00695652	121.552	-0.207214	-15160439.8200
2013-07-30	5.7500	-0.0619902	333.183	-0.130835	-26353221.5900
2013-07-29	6.1300	-0.0223285	85.7476	-0.30494	-17096778.2800
2013-07-26	6.2700	0.00159744	67.6891	-0.0574741	-2568733.6700
2013-07-25	6.2600	-0.0249221	136.566	-0.107183	-9760337.9700
2013-07-24	6.4200	0.0206677	154.265	0.00401634	416931.9200
2013-07-23	6.2900	0.0064	145.53	0.00549946	531407.0500
2013-07-22	6.2500	0.0416667	112.985	0.181129	13152359.1000
2013-07-19	6.0000	-0.0228013	106.28	-0.210038	-14385666.7800
2013-07-18	6.1400	-0.00967742	81.7747	-0.135154	-7182855.0900
2013-07-17	6.2000	-0.0189873	101.839	-0.146196	-9816677.7000
2013-07-16	6.3200	0.00476948	110.099	-0.0406743	-2961878.6100
2013-07-15	6.2900	0.0227642	132.495	0.138447	12102018.1900
2013-07-12	6.1500	-0.00966184	134.814	0.0535391	4721701.0900
2013-07-11	6.2100	0.0436975	199.88	0.113424	14657344.2500
2013-07-10	5.9500	0.0294118	87.2519	-0.0259227	-1398939.8600
2013-07-09	5.7800	0.00696864	76.2214	0.105849	4895072.2400
2013-07-08	5.7400	-0.0590164	166.665	-0.219921	-22666277.1900
2013-07-05	6.1000	-0.0113452	117.94	-0.18044	-13722150.2200
2013-07-04	6.1700	-0.00161812	160.427	-0.0881862	-9131353.0200
2013-07-03	6.1800	-0.0112	109.929	-0.137225	-9766431.4700
2013-07-02	6.2500	0.029654	157.778	0.0337805	3466471.7900
2013-07-01	6.0700	0.0218855	112.439	0.111991	7966537.1200
2013-06-28	5.9400	-0.013289	169.475	-0.112571	-12024400.6800
2013-06-27	6.0200	-0.0414013	174.182	-0.155646	-17726209.5500
2013-06-26	6.2800	0	143.182	-0.209276	-19561998.2600
2013-06-25	6.2800	-0.0353303	228.324	-0.00182295	-271955.4000
2013-06-24	6.5100	-0.0565217	127.636	-0.123612	-11097111.9600
2013-06-21	6.9000	-0.00862069	80.6864	-0.0679824	-3969187.3800
2013-06-20	6.9600	-0.0197183	148.323	-0.0511621	-5678338.0000
2013-06-19	7.1000	-0.00560224	79.3969	-0.0677147	-3993231.1300
2013-06-18	7.1400	0.00280899	84.0242	-0.17583	-11081591.2900
2013-06-17	7.1200	0.014245	135.249	-0.0584332	-5938759.5100
2013-06-14	7.0200	0.015919	98.8223	-0.108674	-7923320.2800
2013-06-13	6.9100	-0.0322129	140.966	-0.296932	-30560575.3000
2013-06-07	7.1400	-0.0165289	113.649	-0.206056	-17767025.1200
2013-06-06	7.2600	-0.00683995	115.327	-0.142332	-12633262.4900
2013-06-05	7.3100	0.00550206	93.9853	-0.0159899	-1155690.6300
2013-06-04	7.2700	-0.0319574	201.712	-0.208022	-32511400.8800
2013-06-03	7.5100	-0.0157274	206.919	-0.229202	-37914915.1200
2013-05-31	7.6300	-0.0013089	193.638	-0.0588858	-9202447.6800
2013-05-30	7.6400	-0.00907912	229.515	-0.141651	-26261695.2700
2013-05-29	7.7100	0.0131406	228.6	0.0429646	7988066.3100
2013-05-28	7.6100	-0.0039267	177.399	-0.131579	-18616375.5700
2013-05-27	7.6400	0.0159574	262.844	0.0798048	16841068.2000
2013-05-24	7.5200	0.0189702	237.565	0.0137203	2561201.2900
2013-05-23	7.3800	-0.013369	291.351	-0.208602	-47868761.4100
2013-05-22	7.4800	-0.0157895	290.945	-0.0504006	-11646926.8700
2013-05-21	7.6000	-0.00262467	209.591	-0.0447541	-7521918.5000
2013-05-20	7.6200	-0.0155039	267.025	-0.131393	-28156937.3200
2013-05-17	7.7400	0.0117647	264.951	0.145231	31308212.4200
2013-05-16	7.6500	0.00393701	277.94	-0.0411524	-9227029.4700
2013-05-15	7.6200	0.0598053	488.25	0.0940701	36416661.1600
2013-05-14	7.1900	0.0169731	210.43	-0.146681	-22786166.0700
2013-05-13	7.0700	-0.00141243	158.777	-0.140778	-16597058.3700
2013-05-10	7.0800	0.0172414	203.174	0.024027	3583620.8400
2013-05-09	6.9600	0.0131004	212.098	-0.042399	-6571122.1900
2013-05-08	6.8700	-0.00578871	138.85	-0.11063	-11144697.4300
2013-05-07	6.9100	0.0102339	185.121	0.155204	20873843.4400
2013-05-06	6.8400	0.00884956	211.492	0.0741636	11337028.5500
2013-05-03	6.7800	0.052795	267.577	0.0609463	11543963.3000
2013-05-02	6.4400	0.0238474	121.139	-0.207098	-17089948.7600
2013-04-26	6.2900	-0.00944882	61.2122	-0.179402	-7311250.8100
2013-04-25	6.3500	-0.0109034	80.2937	-0.0656076	-3523952.8600
2013-04-24	6.4200	0.00469484	92.3148	-0.00946132	-591368.8900
2013-04-23	6.3900	-0.04769	119.57	-0.237141	-19480380.9100
2013-04-22	6.7100	0.0386997	274.605	0.137508	26904087.8300
2013-04-19	6.4600	0.0141287	64.3557	0.141923	6216161.9000
2013-04-18	6.3700	0.00157233	39.81	0.0828591	2211995.0400
2013-04-17	6.3600	0.00473934	41.6205	-0.148348	-4116299.6100
2013-04-16	6.3300	-0.0170807	87.4637	-0.0609369	-3537709.9900
2013-04-15	6.4400	0	47.5615	-0.117218	-3791022.4500
2013-04-12	6.4400	-0.00770416	81.8215	-0.185765	-10262335.9700
2013-04-11	6.4900	-0.0298954	160.025	-0.172967	-19071060.8300
2013-04-10	6.6900	-0.0176211	90.1231	-0.233587	-14878888.7700
2013-04-09	6.8100	-0.0215517	129.753	-0.263796	-24640424.4100
2013-04-08	6.9600	0.0160584	237.489	0.145179	25206634.7900
2013-04-03	6.8500	0.0285285	152.893	0.200438	22019269.8700
2013-04-02	6.6600	-0.00448431	81.331	-0.0781649	-4430171.8800
2013-04-01	6.6900	0.0136364	58.0562	-0.0235747	-966355.0400
2013-03-29	6.6000	0.00456621	54.5332	-0.102098	-3871670.1200
2013-03-28	6.5700	-0.019403	99.3844	-0.00149629	-103440.6100
2013-03-27	6.7000	0.00299401	60.5954	-0.0250084	-1071195.6200
2013-03-26	6.6800	-0.0162003	59.88	-0.176089	-7419454.0000
2013-03-25	6.7900	-0.00147059	67.2741	-0.0610482	-2939431.3500
2013-03-22	6.8000	0.0179641	105.957	0.00559503	419457.3000
2013-03-21	6.6800	0	77.7456	-0.0536296	-2940122.0300
2013-03-20	6.6800	0.0261137	103.425	0.139061	10028816.3000
2013-03-19	6.5100	-0.00306279	60.9137	-0.0692949	-2890470.8400
2013-03-18	6.5300	-0.00305344	57.3657	-0.136767	-5431568.7200
2013-03-15	6.5500	0.00306279	81.8864	-0.0137773	-782648.2300
2013-03-14	6.5300	0.00153374	51.5999	-0.152061	-5407738.5900
2013-03-13	6.5200	-0.0180723	83.6666	-0.175121	-10071347.1000
2013-03-12	6.6400	-0.0192024	94.0616	-0.199532	-13200642.1100
2013-03-11	6.7700	-0.00587372	66.8811	-0.186287	-8924312.4100
2013-03-08	6.8100	-0.0144718	95.3758	-0.329462	-22653563.6600
2013-03-07	6.9100	-0.0184659	157.697	-0.213028	-24701887.2900
2013-03-06	7.0400	0.0217707	200.416	-0.0186335	-2769470.7600
2013-03-05	6.8900	0.0192308	132.588	0.00454727	435708.7700
2013-03-04	6.7600	-0.0188679	206.527	-0.0473443	-7085225.9500
2013-03-01	6.8900	0.0207407	157.151	-0.0609926	-6907461.3700
2013-02-28	6.7500	0.0258359	110.698	0.0777689	6053467.5600
2013-02-27	6.5800	-0.00903614	130.76	-0.229531	-21023570.5500
2013-02-26	6.6400	-0.020649	137.048	-0.163401	-15986480.2700
2013-02-25	6.7800	0.00742942	102.895	-0.202614	-14908951.5100
2013-02-22	6.7300	-0.0175182	128.174	-0.211418	-19381196.8700
2013-02-21	6.8500	-0.029745	265.512	-0.236546	-46118828.9100
2013-02-20	7.0600	0.0291545	267.952	0.125962	24920009.8500
2013-02-19	6.8600	0.0284858	310.217	0.104945	23715556.9100
2013-02-18	6.6700	0.00300752	139.948	-0.214684	-21155033.4100
2013-02-08	6.6500	0.0294118	221.843	0.322717	49754171.3500
2013-02-07	6.4600	0.009375	128.15	0.176128	15324377.4000
2013-02-06	6.4000	0	107.315	0.0922169	6662098.2900
2013-02-05	6.4000	0.0207337	179.607	0.297699	35535726.9000
2013-02-04	6.2700	-0.00317965	93.599	-0.194766	-12064564.7800
2013-02-01	6.2900	0.00318979	89.4603	0.18548	10980285.4400
2013-01-31	6.2700	0	89.0701	-0.0226768	-1333399.7800
2013-01-30	6.2700	-0.00159236	91.3655	-0.130006	-7839811.0100
2013-01-29	6.2800	-0.00158983	100.992	-0.253282	-16895920.8000
2013-01-28	6.2900	0.0177994	131.967	0.0345222	2993750.1200
2013-01-25	6.1800	0.00324675	161.893	0.155861	16335247.4500
2013-01-24	6.1600	-0.0237718	278.384	-0.181404	-33237992.4700
2013-01-23	6.3100	-0.00158228	89.1269	-0.132883	-7859592.8000
2013-01-22	6.3200	-0.0216718	136.995	-0.126252	-11605769.1800
2013-01-21	6.4600	0.00466563	158.536	-0.580145	-62614084.1100
2013-01-18	6.4300	0.0046875	101.467	-0.209892	-14409500.7700
2013-01-17	6.4000	-0.00466563	118.524	-0.0330622	-2657993.6200
2013-01-16	6.4300	-0.00464396	139.478	-0.0660924	-6224438.6100
2013-01-15	6.4600	0.00623053	223.798	-0.0041183	-627269.2700
2013-01-14	6.4200	0.0304976	199.302	0.221498	29640456.2600
2013-01-11	6.2300	-0.0188976	105.781	-0.157325	-10970742.0600
2013-01-10	6.3500	0.00633914	106.675	0.00878899	624175.2900
2013-01-09	6.3100	-0.00629921	120.326	-0.0842606	-6733313.6400
2013-01-08	6.3500	0.016	235.978	-0.0642965	-10163368.6300
2013-01-07	6.2500	0.0212418	158.776	0.0826364	8625679.8600
2013-01-04	6.1200	-0.00970874	117.526	-0.215583	-16406443.9800
2012-12-31	6.1800	0	120.435	-0.115947	-9125139.9300
2012-12-28	6.1800	0.00980392	89.8655	0.151819	8850244.4700
2012-12-27	6.1200	-0.0192308	144.038	-0.158381	-14847452.2600
2012-12-26	6.2400	0.00321543	141.548	-0.117458	-10867710.3300
2012-12-25	6.2200	0.0230263	200.273	0.133717	17481703.1200
2012-12-24	6.0800	0.00164745	78.7816	0.0544162	2741034.4000
2012-12-21	6.0700	0.0116667	106.311	0.149881	10211471.7600
2012-12-20	6.0000	-0.00166389	77.1222	-0.0475291	-2300124.7500
2012-12-19	6.0100	-0.00166113	78.2243	-0.0865234	-4296164.1700
2012-12-18	6.0200	-0.00165837	102.883	-0.128497	-8399338.7300
2012-12-17	6.0300	0.00332779	108.682	-0.0387812	-2668439.7300
2012-12-14	6.0100	0.0434028	134.219	0.161401	13529340.0000
2012-12-13	5.7600	-0.0220713	55.2449	-0.195595	-6617077.9200
2012-12-12	5.8900	0.00340715	42.1306	0.121231	3160580.3900
2012-12-11	5.8700	-0.0117845	62.3284	-0.340349	-13175269.6700
2012-12-10	5.9400	0.00337838	103.664	-0.106746	-6889002.7500
2012-12-07	5.9200	0.0331588	106.183	0.0492656	3209573.6100
2012-12-06	5.7300	-0.00693241	45.1584	-0.0684852	-1872626.6100
2012-12-05	5.7700	0.0359066	104.061	-0.0980626	-6132663.6200
2012-12-04	5.5700	0.0036036	67.8293	0.0231751	910932.1500
2012-12-03	5.5500	-0.0228873	53.5661	-0.307745	-9762270.3200
2012-11-30	5.6800	0.0070922	46.894	0.0545889	1528950.9000
2012-11-29	5.6400	0.00355872	45.3943	0.0798706	2159839.4000
2012-11-28	5.6200	-0.0209059	56.139	-0.0888033	-2969856.7900
2012-11-27	5.7400	-0.0559211	151.502	-0.148746	-13861048.5300
2012-11-26	6.0800	0.00495868	92.9917	-0.0484804	-2897401.2500
2012-11-23	6.0500	0	64.5278	-0.136077	-5592846.5400
2012-11-22	6.0500	-0.0178571	80.5809	-0.275247	-14161753.2800
2012-11-21	6.1600	0.00325733	89.5139	-0.150165	-8668203.2800
2012-11-20	6.1400	0.00655738	121.84	-0.159726	-12577020.2400
2012-11-19	6.1000	-0.00489396	104.972	-0.241212	-16183753.7600
2012-11-16	6.1300	0.00822368	184.295	0.0684245	8130845.6800
2012-11-15	6.0800	0.0218487	212.456	0.047402	6471910.4600
2012-11-14	5.9500	0.00506757	68.4567	-0.0603271	-2575832.2900
2012-11-13	5.9200	-0.0198676	110.442	-0.183222	-12808257.5100
2012-11-12	6.0400	0.00834725	62.3378	-0.11578	-4550797.6700
2012-11-09	5.9900	0.00841751	75.5436	0.0685307	3276241.8100
2012-11-08	5.9400	-0.0325733	97.1387	-0.293827	-18093158.4900
2012-11-07	6.1400	-0.00486224	101.306	-0.140481	-9182128.6800
2012-11-06	6.1700	0.0198347	200.166	0.0949931	12200954.1200
2012-11-05	6.0500	0.0289116	146.963	0.254415	23736897.0300
2012-11-02	5.8800	-0.00169779	76.1852	-0.175685	-8282583.2200
2012-11-01	5.8900	0.0120275	121.783	0.206866	15503527.2600
2012-10-31	5.8200	0.0543478	194.743	0.249739	29530841.2100
2012-10-30	5.5200	-0.00180832	36.7697	-0.166938	-3579905.1400
2012-10-29	5.5300	-0.0107335	44.7078	-0.290726	-7580125.2500
2012-10-26	5.5900	-0.0362069	91.6884	-0.279993	-15273928.8400
2012-10-25	5.8000	-0.00172117	61.2103	-0.0390181	-1464337.0500
2012-10-24	5.8100	0.00345423	51.7042	0.0818117	2584321.6900
2012-10-23	5.7900	0.00520833	66.5623	0.0809767	3288699.5800
2012-10-22	5.7600	-0.0017331	39.4177	0.133144	3177387.9400
2012-10-19	5.7700	-0.0170358	120.368	-0.112182	-8217586.3400
2012-10-18	5.8700	0.0138169	74.1679	0.133165	6095897.0000
2012-10-17	5.7900	-0.00172414	58.5356	-0.0280079	-1002363.8100
2012-10-16	5.8000	0	59.3765	-0.090052	-3285036.7000
2012-10-15	5.8000	-0.0102389	62.5613	-0.0652852	-2493263.6400
2012-10-12	5.8600	0.00860585	117.517	0.0695507	5083114.8300
2012-10-11	5.8100	-0.00171821	56.0626	-0.0391133	-1337136.6000
2012-10-10	5.8200	0.00344828	53.1516	-0.0599282	-1945902.1800
2012-10-09	5.8000	0.0229277	78.5474	0.362437	17296433.4300
2012-10-08	5.6700	0.00176678	53.6493	-0.0251991	-808279.7500
2012-09-28	5.6600	0.0107143	59.3727	0.0853858	3005710.5800
2012-09-27	5.6000	0.0200364	58.7287	0.119213	4122030.1800
2012-09-26	5.4900	-0.016129	44.7215	-0.169864	-4418966.9000
2012-09-25	5.5800	-0.0176056	38.928	-0.184111	-4236492.8900
2012-09-24	5.6800	0.00353357	34.3228	-0.175445	-3578471.5400
2012-09-21	5.6600	-0.00527241	37.8651	-0.342556	-7763287.9100
2012-09-20	5.6900	-0.0339559	61.3608	-0.218154	-8123712.1300
2012-09-19	5.8900	0.00340715	34.2995	-0.269735	-5739322.6400
2012-09-18	5.8700	-0.0134454	40.0829	-0.309047	-7699870.8600
2012-09-17	5.9500	-0.0293638	81.6786	-0.227456	-11808771.5700
2012-09-14	6.1300	0.0115512	87.335	0.109135	6123267.6200
2012-09-13	6.0600	-0.00655738	75.9511	0.0198107	966645.9300
2012-09-12	6.1000	-0.00651466	62.7417	-0.253559	-10217756.9200
2012-09-11	6.1400	0.00986842	71.0359	0.150499	6833469.1400
2012-09-10	6.0800	0.00662252	74.7324	0.121247	5791368.1600
2012-09-07	6.0400	0.0378007	105.865	0.173865	11625243.6000
2012-09-06	5.8200	0.00344828	37.6226	-0.021658	-499661.3100
2012-09-05	5.8000	-0.0102389	63.6918	-0.174499	-6783949.4400
2012-09-04	5.8600	-0.0184255	61.0498	-0.339458	-12946766.5300
2012-09-03	5.9700	0.00336134	49.037	-0.118766	-3660722.4600
2012-08-31	5.9500	-0.0116279	45.8351	-0.199238	-5734716.8600
2012-08-30	6.0200	0.00837521	43.7384	-0.0456091	-1256900.1400
2012-08-29	5.9700	-0.0164745	47.7893	-0.372023	-11307699.0400
2012-08-28	6.0700	0.0066335	36.9218	0.0304978	718990.5600
2012-08-27	6.0300	-0.0211039	39.4629	-0.196471	-4960563.3900
2012-08-24	6.1600	-0.011236	44.8176	-0.107598	-3136779.7300
2012-08-23	6.2300	0.00646204	37.2558	-0.145104	-3535516.8800
2012-08-22	6.1900	-0.0111821	40.7415	-0.36496	-9742338.2700
2012-08-21	6.2600	0.0228758	73.5774	0.110496	5324418.1400
2012-08-20	6.1200	-0.00649351	54.9863	-0.250201	-8803817.0500
2012-08-17	6.1600	-0.0159744	60.1066	-0.310422	-12153565.6500
2012-08-16	6.2600	-0.0188088	94.6354	0.101347	6411591.7600
2012-08-15	6.3800	-0.003125	109.77	0.04281	3166281.1400
2012-08-14	6.4000	0.024	119.744	0.171041	13708070.8700
2012-08-13	6.2500	0.00321027	129.943	0.132578	11433102.0400
2012-08-10	6.2300	-0.00637959	44.3627	-0.103271	-3018671.2000
2012-08-09	6.2700	0.0112903	71.0602	0.00414173	193673.5600
2012-08-08	6.2000	-0.00958466	60.3896	-0.346493	-13681526.5500
2012-08-07	6.2600	0.00967742	75.2848	-0.0777691	-3842075.3900
2012-08-06	6.2000	0.00977199	65.3158	-0.0329202	-1394144.9500
2012-08-03	6.1400	0.0165563	57.5606	-0.0959931	-3530024.1200
2012-08-02	6.0400	-0.00494234	36.5639	-0.0904678	-2110686.1200
2012-08-01	6.0700	0.0133556	34.3433	0.130644	2865080.9100
2012-07-31	5.9900	-0.0212418	70.1338	-0.0394915	-1759222.2800
2012-07-30	6.1200	-0.0301109	76.3443	-0.205651	-10276452.9400
2012-07-27	6.3100	-0.00786164	37.2974	-0.20459	-5091031.4700
2012-07-26	6.3600	0.0015748	35.7951	-0.019366	-465997.2800
2012-07-25	6.3500	-0.00625978	47.1466	-0.195922	-6206319.2200
2012-07-24	6.3900	0.00947867	46.0466	0.112141	3471803.0600
2012-07-23	6.3300	-0.0216383	61.9031	-0.202233	-8405026.6500
2012-07-20	6.4700	-0.00766871	52.9866	-0.279768	-10125834.4100
2012-07-19	6.5200	0.00928793	68.9613	0.0481894	2292909.0900
2012-07-18	6.4600	-0.0015456	71.8489	-0.194229	-9389483.0300
2012-07-17	6.4700	-0.00918836	75.1795	0.0177734	903842.7800
2012-07-16	6.5300	-0.0165663	110.364	-0.109948	-8476044.4400
2012-07-13	6.6400	-0.0177515	136.199	0.018281	1744065.9300
2012-07-12	6.7600	0.0662461	287.873	0.257912	53329388.1500
2012-07-11	6.3400	0.00794913	33.2427	-0.0730923	-1612679.2600
2012-07-10	6.2900	-0.00944882	45.0098	-0.0634646	-1901441.6000
2012-07-09	6.3500	-0.0170279	58.2997	0.0887334	3491996.1200
2012-07-06	6.4600	0.0141287	49.8256	0.077875	2614154.1000
2012-07-05	6.3700	-0.0230061	58.0018	-0.110828	-4328039.6100
2012-07-04	6.5200	-0.00911854	49.4146	-0.0399854	-1360353.0800
2012-07-03	6.5800	-0.0105263	46.8901	-0.100501	-3298064.3300
2012-07-02	6.6500	0.0091047	51.6208	-0.149029	-5367520.3200
2012-06-29	6.5900	0.00304414	56.0035	-0.0312938	-1202495.2500
2012-06-28	6.5700	0	0	0	0.0000
2012-06-27	6.5700	0	30.3978	-0.290748	-6127102.5500
2012-06-26	6.5700	0.00612557	38.3005	0.156276	4129273.7000
2012-06-25	6.5300	-0.015083	42.2283	0.0668865	1967588.9700
2012-06-21	6.6300	-0.0148588	50.5678	-0.34786	-12293341.2700
2012-06-20	6.7300	-0.0175182	62.5106	-0.0983424	-4392905.1600
2012-06-19	6.8500	-0.00145773	84.6532	0.0445393	2736369.6400
2012-06-18	6.8600	0.0147929	81.2505	-0.0934995	-5504072.1400
2012-06-15	6.7600	0.015015	86.2543	0.171196	10530136.3700
2012-06-14	6.6600	0	68.655	-0.0567414	-2738337.2800
2012-06-13	6.6600	0.0199081	67.5242	0.119492	5608813.0300
2012-06-12	6.5300	-0.00759878	53.0642	-0.288916	-10550521.8200
2012-06-11	6.5800	0.00611621	68.7158	0.0867567	4113358.7800
2012-06-08	6.5400	-0.0267857	105.243	-0.108121	-7935688.6600
2012-06-07	6.7200	-0.0117647	56.4216	-0.291106	-11704545.2200
2012-06-06	6.8000	0	38.8844	-0.0215641	-599087.5600
2012-06-05	6.8000	0.00740741	48.6879	-0.00824777	-287859.1400
2012-06-04	6.7500	-0.0329513	72.3054	-0.128083	-6660830.9700
2012-06-01	6.9800	0.00431655	79.1431	0.0619528	3601057.1400
2012-05-31	6.9500	0.00870827	110.511	0.0387981	3137340.0200
2012-05-30	6.8900	-0.00289436	73.2101	-0.0301032	-1600874.9500
2012-05-29	6.9100	0.00875912	77.6089	-0.105033	-5916471.8200
2012-05-28	6.8500	0.0118168	61.653	-0.0219581	-967001.5000
2012-05-25	6.7700	-0.0116788	70.663	-0.0216185	-1098291.4300
2012-05-24	6.8500	-0.011544	64.3176	-0.19157	-8925165.2200
2012-05-23	6.9300	-0.0128205	88.3461	-0.221893	-14305428.9600
2012-05-22	7.0200	0.015919	68.7002	0.0912855	4626132.6100
2012-05-21	6.9100	0.00728863	71.8948	0.101096	5292444.6400
2012-05-18	6.8600	-0.0324401	120.583	-0.221426	-19494572.6600
2012-05-17	7.0900	0.00853485	81.6649	-0.107147	-6499452.4600
2012-05-16	7.0300	-0.0195258	72.3684	-0.388274	-21025083.9100
2012-05-15	7.1700	-0.0151099	120.312	-0.161332	-14632177.1600
2012-05-14	7.2800	-0.00817439	160.661	-0.0626298	-7766263.6700
2012-05-11	7.3400	0.0180305	188.387	-0.022255	-3218564.5700
2012-05-10	7.2100	0.0140647	103.868	0.207425	16309079.4900
2012-05-09	7.1100	-0.0246914	100.328	-0.169753	-12829797.5800
2012-05-08	7.2900	0.00551724	145.912	0.132801	14796024.0600
2012-05-07	7.2500	0.0111576	158.488	0.0543063	6538078.9600
2012-05-04	7.1700	0.00843882	131.972	0.0774508	7705767.5600
2012-05-03	7.1100	0.00994318	112.082	0.0552418	4623537.0900
2012-05-02	7.0400	-0.0194986	233.888	-0.0574988	-9969301.8300
2012-04-27	7.1800	0.0041958	95.9107	-0.00880527	-639375.7800
2012-04-26	7.1500	0.0214286	162.284	0.0636219	7789573.0000
2012-04-25	7.0000	0.00430416	127.579	-0.0692426	-6454332.2200
2012-04-24	6.9700	-0.0196906	128.308	-0.0547721	-5168802.7100
2012-04-23	7.1100	-0.0125	110.786	-0.11328	-9494167.1300
2012-04-20	7.2000	0.00840336	104.128	0.0523771	4123604.1900
2012-04-19	7.1400	-0.0041841	97.9832	-0.0772595	-5702530.7800
2012-04-18	7.1700	0.0141443	125.775	0.168587	15909232.0500
2012-04-17	7.0700	-0.00980392	81.6619	0.0530061	3243296.8800
2012-04-16	7.1400	0.00140252	75.5275	0.0444608	2511583.5600
2012-04-13	7.1300	0.0127841	126.074	0.0865584	8171447.1100
2012-04-12	7.0400	0.0202899	98.7206	0.0238041	1727577.8100
2012-04-11	6.9000	-0.004329	75.7879	-0.0176569	-967585.0900
2012-04-10	6.9300	0.00434783	118.493	0.013142	1114811.6000
2012-04-09	6.9000	-0.0142857	65.3409	-0.243606	-11621731.2900
2012-04-06	7.0000	0.00286533	92.9991	-0.199092	-13609179.9500
2012-04-05	6.9800	0.0249633	108.026	-0.056118	-4410668.1700
2012-03-30	6.8100	-0.0101744	98.5941	-0.146276	-10415786.4000
2012-03-29	6.8800	-0.0241135	125.034	-0.0678829	-6214319.6500
2012-03-28	7.0500	-0.0421196	146.912	-0.114348	-12648609.4900
2012-03-27	7.3600	-0.00942126	75.1234	-0.165163	-9694696.3600
2012-03-26	7.4300	-0.00402145	68.0847	-0.0742081	-3954495.1900
2012-03-23	7.4600	-0.0261097	136.234	-0.118883	-12851226.2600
2012-03-22	7.6600	-0.0103359	84.7631	-0.0799665	-5475774.0400
2012-03-21	7.7400	-0.00129032	130.992	-0.132738	-14146034.0800
2012-03-20	7.7500	-0.03125	182.209	-0.187382	-28100897.5200
2012-03-19	8.0000	0.0243278	217.858	0.0395628	7155266.5300
2012-03-16	7.8100	0.0182529	178.953	-0.0888054	-12925286.8500
2012-03-15	7.6700	-0.0216837	233.646	-0.0185938	-3530640.1500
2012-03-14	7.8400	-0.0380368	385.394	-0.0237515	-7825530.7600
2012-03-13	8.1500	0.0012285	200.111	-0.0963702	-16504452.8800
2012-03-12	8.1400	0.0238994	291.124	0.113382	27982955.9300
2012-03-09	7.9500	0.00888325	185.862	-0.0244095	-3791014.3800
2012-03-08	7.8800	0.00510204	136.534	-0.0819318	-9281924.6800
2012-03-07	7.8400	-0.00254453	145.971	-0.0289378	-3490010.2700
2012-03-06	7.8600	-0.0248139	295.285	0.032343	7921966.7100
2012-03-05	8.0600	-0.0134639	235.966	-0.181217	-36567680.6900
2012-03-02	8.1700	0.0161692	240.829	0.00215751	442586.5600
2012-03-01	8.0400	0.00249377	155.317	-0.0701198	-9201226.9700
2012-02-29	8.0200	-0.0159509	250.31	-0.126145	-26817976.1800
2012-02-28	8.1500	-0.0239521	567.52	0.110513	53555848.5700
2012-02-27	8.3500	-0.00476758	400.205	-0.00777496	-2759449.3500
2012-02-24	8.3900	0.0281863	448.787	0.0247455	9702403.0000
2012-02-23	8.1600	-0.00609013	353.848	-0.148969	-45328748.9900
2012-02-22	8.2100	0.0498721	570.929	-0.0334712	-16172250.0700
2012-02-21	7.8200	0.00773196	215.678	0.0799066	14087313.0300
2012-02-20	7.7600	-0.0127226	431.939	0.0152001	5407028.2700
2012-02-17	7.8600	-0.040293	749.314	0.080782	50119704.2200
2012-02-16	8.1900	0.00122249	234.552	-0.182495	-36943880.6100
2012-02-15	8.1800	0.00368098	226.095	0.0733516	14249882.3700
2012-02-14	8.1500	-0.00488401	249.18	-0.0782778	-16735227.4700
2012-02-13	8.1900	0.045977	363.287	0.124211	38304928.4200
2012-02-10	7.8300	-0.00127551	185.656	-0.0718125	-11013774.4500
2012-02-09	7.8400	0.0142303	240.968	-0.0273884	-5426730.1400
2012-02-08	7.7300	0.0292943	140.847	0.191619	21718645.0300
2012-02-07	7.5100	-0.0309677	134.507	-0.228412	-24500657.8800
2012-02-06	7.7500	0.0130719	161.149	-0.0224917	-2942682.4700
2012-02-03	7.6500	0.013245	127.524	0.0278769	2849788.0400
2012-02-02	7.5500	0.0202703	97.2924	0.0781612	5991316.5300
2012-02-01	7.4000	-0.0146471	107.971	-0.114379	-9732467.5600
2012-01-31	7.5100	-0.00529801	76.1446	0.0411331	2471333.8300
2012-01-30	7.5500	-0.0220207	162.901	-0.239874	-31434938.3200
2012-01-20	7.7200	0.0157895	153.729	0.0459299	5699054.9900
2012-01-19	7.6000	0.0242588	150.573	0.119884	14339565.1300
2012-01-18	7.4200	-0.0249671	163.33	-0.112189	-14625882.1200
2012-01-17	7.6100	0.0613668	190.095	0.125859	18600262.6400
2012-01-16	7.1700	-0.0310811	89.3588	-0.179195	-12297522.3800
2012-01-13	7.4000	-0.0402075	158.45	-0.221064	-27632153.3500
2012-01-12	7.7100	0	106.374	-0.0642685	-5542253.6000
2012-01-11	7.7100	0.00260078	172.6	0.021328	3001422.1700
2012-01-10	7.6900	0.044837	217.007	0.0959617	16599300.9500
2012-01-09	7.3600	0.0410184	156.287	-0.0490999	-5854107.0800
2012-01-06	7.0700	0.012894	87.7675	0.0108078	695119.4700
2012-01-05	6.9800	-0.022409	99.6627	-0.117059	-8654441.9500
2012-01-04	7.1400	-0.0259209	73.6041	-0.206527	-11703440.7700
2011-12-30	7.3300	0.00825309	109.45	-0.0864161	-7307825.7600
2011-12-29	7.2700	0.0253879	200.643	0.0660432	10219843.8800
2011-12-28	7.0900	0.00567376	80.1444	0.120328	7108906.4700
2011-12-27	7.0500	-0.0315934	89.983	-0.134014	-9067189.6300
2011-12-26	7.2800	-0.00817439	50.7017	-0.0848593	-3324407.0900
2011-12-23	7.3400	0.00962861	73.5793	-0.0827824	-4714166.7000
2011-12-22	7.2700	-0.0215343	97.9213	0.0720739	5376539.7200
2011-12-21	7.4300	-0.00933333	87.4028	-0.172178	-11940841.5600
2011-12-20	7.5000	-0.0118577	131.508	0.011604	1217662.4000
2011-12-19	7.5900	-0.0104302	90.8761	-0.0760273	-5466603.2900
2011-12-16	7.6700	0.015894	90.4737	-0.106925	-7718862.5400
2011-12-15	7.5500	-0.0169271	95.5757	0.0146685	1118317.8000
2011-12-14	7.6800	-0.0179028	67.3961	-0.117799	-6478959.7900
2011-12-13	7.8200	-0.0297767	87.4622	0.0196735	1436307.4700
2011-12-12	8.0600	-0.0110429	45.447	-0.140982	-5462828.0800
2011-12-09	8.1500	-0.00366748	46.8299	0.0959931	3846837.3500
2011-12-08	8.1800	-0.00365408	78.4628	-0.0477137	-3212858.3600
2011-12-07	8.2100	0	62.2742	-0.0579219	-3122252.8600
2011-12-06	8.2100	-0.0108434	81.6634	0.0278979	1971722.1600
2011-12-05	8.3000	-0.037123	98.0588	-0.182324	-15847113.1000
2011-12-02	8.6200	-0.00805524	89.6264	-0.249377	-20364414.7400
2011-12-01	8.6900	0.0175644	158.014	0.0162723	2381779.0800
2011-11-30	8.5400	-0.0458101	133.796	-0.118303	-14568169.6700
2011-11-29	8.9500	0.0193622	89.9048	0.219399	18532506.7000
2011-11-28	8.7800	0.00688073	49.5462	-0.00357467	-163192.9900
2011-11-25	8.7200	-0.00570125	55.8933	-0.238199	-12248271.0200
2011-11-24	8.7700	0.00343249	93.1971	0.0113769	975447.3200
2011-11-23	8.7400	-0.0168729	89.7579	-0.261276	-21729252.7900
2011-11-22	8.8900	-0.0122222	84.3075	-0.112283	-8848482.3700
2011-11-21	9.0000	0	81.3576	-0.0539378	-4135300.7200
2011-11-18	9.0000	-0.0435707	186.622	-0.112998	-20242575.4400
2011-11-17	9.4100	-0.0278926	211.085	-0.103004	-21730533.0900
2011-11-16	9.6800	0.0419806	633.648	0.0471923	30987194.6100
2011-11-15	9.2900	0	0	0	0.0000
2011-11-14	9.2900	0	0	0	0.0000
2011-11-11	9.2900	0	0	0	0.0000
2011-11-10	9.2900	0	0	0	0.0000
2011-11-09	9.2900	0	0	0	0.0000
2011-11-08	9.2900	-0.0262055	231.463	-0.0069711	-1607508.5200
2011-11-07	9.5400	0.00210084	185.391	-0.0436822	-8133328.6800
2011-11-04	9.5200	0.012766	201.749	0.103061	20749642.3900
2011-11-03	9.4000	0.0118407	291.41	0.0108018	3119643.0100
2011-11-02	9.2900	0.0108814	193.033	0.0430305	7966095.5300
2011-11-01	9.1900	0.0314254	266.379	0.0943966	23869131.1400
2011-10-31	8.9100	-0.019802	207.278	-0.085896	-16785099.0400
2011-10-28	9.0900	0.0271186	161.452	0.0717392	10981304.6100
2011-10-27	8.8500	-0.00895857	120.946	-0.201023	-22894496.8300
2011-10-26	8.9300	0.0136209	157.32	0.0340118	5041065.1100
2011-10-25	8.8100	0.017321	140.92	-0.144339	-18756494.7000
2011-10-24	8.6600	0.0128655	91.7698	0.0671875	5581510.4300
2011-10-21	8.5500	-0.00233372	56.0744	0.0302653	1528966.9500
2011-10-20	8.5700	-0.0381594	163.34	-0.171139	-25221494.7700
2011-10-19	8.9100	-0.0219539	191.26	-0.296893	-53568921.5800
2011-10-18	9.1100	-0.0598555	137.962	-0.182333	-24767692.2700
2011-10-17	9.6900	-0.0112245	85.6894	-0.122307	-10746768.6600
2011-10-14	9.8000	-0.00608519	88.532	-0.0571488	-5196876.3800
2011-10-13	9.8600	0.018595	154.925	-0.0945508	-15091354.4300
2011-10-12	9.6800	0.0308839	148.373	0.0790774	11851442.2800
2011-10-11	9.3900	0.00427807	76.5993	-0.0799959	-6101210.4400
2011-10-10	9.3500	0.0119048	67.055	0.0228879	1509745.9700
2011-09-30	9.2400	0.0054407	52.6697	-0.00560371	-286978.1400
2011-09-29	9.1900	-0.0212993	102.104	-0.0845673	-8443202.3200
2011-09-28	9.3900	0.0398671	222.642	0.141099	31632845.1400
2011-09-27	9.0300	0.0123318	55.5747	0.0674998	3562503.3900
2011-09-26	8.9200	-0.0197802	63.9371	-0.215956	-13076834.7400
2011-09-23	9.1000	-0.00763359	80.6434	-0.12075	-9251993.6700
2011-09-22	9.1700	-0.0427975	84.2713	-0.212362	-17608106.7000
2011-09-21	9.5800	0.0424374	119.958	0.201071	23934825.8400
2011-09-20	9.1900	0.00767544	42.9933	-0.0643317	-2668640.3400
2011-09-19	9.1200	-0.025641	55.8383	-0.249053	-13448101.7900
2011-09-16	9.3600	0.00537057	59.5494	0.11061	6514304.6700
2011-09-15	9.3100	-0.00427807	67.6073	-0.0374947	-2502299.8100
2011-09-14	9.3500	0.00321888	53.5373	-0.0708034	-3713320.1500
2011-09-13	9.3200	-0.0230608	61.0298	-0.0745882	-4466828.0200
2011-09-09	9.5400	-0.00728408	80.4311	-0.155018	-12621903.0300
2011-09-08	9.6100	-0.0113169	91.5835	-0.17891	-16709737.0900
2011-09-07	9.7200	0.017801	63.992	-0.000797201	-51844.1100
2011-09-06	9.5500	-0.0284842	97.1573	-0.204714	-20118735.2200
2011-09-05	9.8300	-0.0391007	119.691	-0.0756284	-9423371.4400
2011-09-02	10.2300	-0.0219885	82.6959	-0.213888	-19113277.4200
2011-09-01	10.4600	-0.0224299	106.852	-0.15408	-18300964.6400
2011-08-31	10.7000	-0.00925926	85.5659	-0.0748825	-7238063.1100
2011-08-30	10.8000	-0.0226244	92.7087	-0.184449	-19809840.2100
2011-08-29	11.0500	-0.00270758	93.838	0.0357377	3875409.4300
2011-08-26	11.0800	-0.00894454	83.2318	-0.196712	-19061699.8800
2011-08-25	11.1800	0.0275735	109.654	0.151263	19354648.7500
2011-08-24	10.8800	-0.0144928	66.4194	-0.161755	-12440849.3300
2011-08-23	11.0400	0.010064	74.3842	0.143862	12352882.8900
2011-08-22	10.9300	0.0272556	102.705	0.0907697	10653785.4500
2011-08-19	10.6400	-0.0102326	71.3676	0.0473329	3781584.0400
2011-08-18	10.7500	-0.0182648	73.8216	-0.0811773	-6843175.9800
2011-08-17	10.9500	-0.0188172	78.019	-0.0328902	-2971280.7100
2011-08-16	11.1600	-0.015873	95.3708	-0.109465	-12357253.3600
2011-08-15	11.3400	-0.000881057	115.25	0.0127403	1746202.6500
2011-08-12	11.3500	0.0355839	174.753	-0.0980321	-20116520.4700
2011-08-11	10.9600	0.0528338	162.097	0.221144	40039805.1000
2011-08-10	10.4100	-0.00857143	151.896	-0.241628	-40844812.7000
2011-08-09	10.5000	-0.00756144	177.894	-0.127002	-24531496.3900
2011-08-08	10.5800	-0.0620567	130.276	-0.0406287	-5995002.9500
2011-08-05	11.2800	-0.0292599	88.1376	-0.0260802	-2745670.1000
2011-08-04	11.6200	0.0121951	66.3093	-0.134471	-10869079.2300
2011-08-03	11.4800	-0.0171233	67.9304	-0.186375	-15374809.8800
2011-08-02	11.6800	-0.0480848	111.688	-0.165092	-22875732.1700
2011-08-01	12.2700	-0.0199681	49.4412	-0.0604988	-3879158.0600
2011-07-29	16.8500	-0.00882353	88.9236	-0.105333	-16699312.0700
2011-07-28	17.0000	0.0119048	104.042	0.0552795	10235241.8300
2011-07-27	16.8000	0.0287814	84.6743	0.0446358	6591992.1700
2011-07-26	16.3300	-0.0150784	93.6066	-0.144312	-23313742.9700
2011-07-25	16.5800	-0.00659077	173.752	-0.103623	-32158294.7000
2011-07-22	16.6900	0.00602773	65.2157	-0.0609435	-5355059.8100
2011-07-21	16.5900	-0.00060241	55.9884	-0.111413	-8364822.1700
2011-07-20	16.6000	-0.00777047	77.8027	-0.0385721	-4047064.8800
2011-07-19	16.7300	-0.0181925	108.744	-0.00197809	-292830.2400
2011-07-18	17.0400	0.00530973	188.562	0.0840038	21964614.6100
2011-07-15	16.9500	0.0366972	300.26	0.106826	43703172.8800
2011-07-14	16.3500	0	133.319	-0.0565952	-10021549.2100
2011-07-13	16.3500	0.0302457	175.263	0.192548	44358106.6300
2011-07-12	15.8700	0.00316056	145.969	0.0376704	7037687.2900
2011-07-11	15.8200	0.00253485	104.269	-0.0139425	-1842604.2100
2011-07-08	15.7800	-0.00692259	110.725	-0.0306913	-4376250.7300
2011-07-07	15.8900	0.000629723	148.473	0.00130388	249580.9200
2011-07-06	15.8800	-0.00625782	134.707	0.131212	22769109.9700
2011-07-05	15.9800	-0.000625391	112.471	-0.00712948	-1036973.5400
2011-07-04	15.9900	0.0126662	153.542	0.162932	32262662.4500
2011-07-01	15.7900	0.00573248	81.9894	-0.0414051	-4362858.2400
2011-06-30	15.7000	0.0129032	123.128	0.215154	33818290.5100
2011-06-29	15.5000	-0.00831734	67.322	-0.121441	-10315547.5100
2011-06-28	15.6300	0.00903809	85.1048	-0.0285128	-3047951.7900
2011-06-27	15.4900	-0.000645161	127.677	-0.15216	-24505454.9600
2011-06-24	15.5000	0.0326449	163.436	0.119783	24328837.6700
2011-06-23	15.0100	0.0224796	95.512	0.0898462	10332807.0900
2011-06-22	14.6800	-0.0160858	69.1886	-0.143348	-11840782.4300
2011-06-21	14.9200	0.0361111	168.731	0.219862	44268154.3700
2011-06-20	14.4000	-0.027684	189.825	-0.139962	-30959323.7500
2011-06-17	14.8100	-0.0224422	76.6414	-0.142115	-13236698.3900
2011-06-16	15.1500	-0.0263496	83.8709	-0.11098	-11543572.5200
2011-06-15	15.5600	-0.0226131	116.171	-0.0725245	-10673614.3400
2011-06-14	15.9200	0.00505051	168.595	-0.135739	-29710611.6100
2011-06-13	15.8400	0	0	0	0.0000
2011-06-10	15.8400	0.00635324	161.598	0.136068	28025019.3900
2011-06-09	15.7400	-0.0664294	307.374	-0.0941656	-37827676.3700
2011-06-08	16.8600	-0.0248699	195.695	-0.0147221	-3917312.3400
2011-06-07	17.2900	-0.0275591	307.016	0.147784	62497705.5600
2011-06-03	17.7800	0.029531	84.2649	0.214972	25916901.4800
2011-06-02	17.2700	-0.00115674	68.0223	0.0636511	5989668.0400
2011-06-01	17.2900	0	39.9168	-0.172643	-9660428.4900
2011-05-31	17.2900	0.0170588	38.2358	0.0577422	3076551.0900
2011-05-30	17.0000	-0.00874636	54.0933	0.0664945	4979632.5000
2011-05-27	17.1500	-0.0143678	63.4111	0.156076	13762262.0800
2011-05-26	17.4000	-0.0202703	47.7891	-0.166662	-11392698.8900
2011-05-25	17.7600	-0.0116861	43.7601	-0.0737553	-4661726.9100
2011-05-24	17.9700	-0.0120946	64.0751	0.0225995	2104843.7600
2011-05-23	18.1900	-0.0390914	60.8283	-0.288214	-26264598.9400
2011-05-20	18.9300	-0.000527983	40.752	-0.0560641	-3505662.1000
2011-05-19	18.9400	0.00317797	46.6463	-0.0682688	-4881186.0400
2011-05-18	18.8800	0.00265534	44.5688	-0.0750322	-5097737.9500
2011-05-17	18.8300	-0.00317628	55.8123	-0.106925	-9071453.4400
2011-05-16	18.8900	-0.0104767	41.0605	-0.214951	-13543073.4900
2011-05-13	19.0900	0.0100529	60.4417	0.0572838	5317626.0100
2011-05-12	18.9000	-0.0257732	86.4653	-0.158023	-21095689.3400
2011-05-11	19.4000	-0.00716479	62.614	-0.175242	-17308819.1400
2011-05-10	19.5400	0.00514403	50.5244	-0.0415323	-3310809.7100
2011-05-09	19.4400	-0.00765697	66.7077	-0.265568	-28020320.4500
2011-05-06	19.5900	0.0124031	115.195	-0.0646138	-11762529.9600
2011-05-05	19.3500	0.00833768	81.4418	0.0864493	11007722.7600
2011-05-04	19.1900	0.00418629	87.3463	0.00836128	1126171.6700
2011-05-03	19.1100	-0.000523013	83.7485	-0.15017	-19397897.3900
2011-04-29	19.1200	0.00420168	68.5571	0.0453405	4778541.0000
2011-04-28	19.0400	-0.041289	120.822	-0.165601	-31400677.7800
2011-04-27	19.8600	0.00506073	123.277	0.0279998	5568398.6900
2011-04-26	19.7600	0.0035551	106.622	0.0725702	12309020.0600
2011-04-25	19.6900	-0.00756048	91.523	-0.0683035	-9936287.0500
2011-04-22	19.8400	-0.00451581	103.564	-0.0799055	-13291033.5100
2011-04-21	19.9300	-0.0035	136.3	-0.148372	-32774479.2000
2011-04-20	20.0000	0.0416667	173.028	0.199714	55087558.2500
2011-04-19	19.2000	-0.0273556	173.086	-0.000238874	-64631.1400
2011-04-18	19.7400	-0.0030303	110.552	-0.0132942	-2352401.6300
2011-04-15	19.8000	-0.00552486	137.734	-0.116336	-25706561.8400
2011-04-14	19.9100	-0.004002	144.443	0.025256	5927818.8600
2011-04-13	19.9900	0.00756048	141.333	0.13761	31389712.1800
2011-04-12	19.8400	0.00455696	142.557	-0.0743376	-17082819.2400
2011-04-11	19.7500	0.0128205	148.753	0.00843855	2012022.4800
2011-04-08	19.5000	-0.00255754	209.125	0.0626482	20703660.2700
2011-04-07	19.5500	0.0343915	145.065	0.0347347	7836297.6000
2011-04-06	18.9000	-0.0232558	152.381	-0.0725222	-16987987.5200
2011-04-01	19.3500	-0.00514139	87.968	-0.0919883	-12712285.1400
2011-03-31	19.4500	0.00986501	115.371	0.0999648	18139129.0400
2011-03-30	19.2600	-0.00619195	89.8451	-0.0301339	-4227367.6400
2011-03-29	19.3800	-0.031	167.387	-0.142433	-37921790.5700
2011-03-28	20.0000	-0.0305381	228.279	-0.181467	-67791236.2700
2011-03-25	20.6300	0.0058508	110.078	0.0446713	8196376.2100
2011-03-24	20.5100	-0.00581677	88.5743	-0.197019	-28976651.0800
2011-03-23	20.6300	0.0112745	93.9784	0.145552	22672481.9400
2011-03-22	20.4000	0.00443131	100.621	0.0446925	7417941.0300
2011-03-21	20.3100	-0.0212048	141.704	-0.116726	-27342745.0200
2011-03-18	20.7500	0.00241546	96.4908	-0.0546481	-8866414.9900
2011-03-17	20.7000	-0.0222012	196.692	-0.123934	-40951858.3400
2011-03-16	21.1700	-0.00282619	131.953	-0.053025	-11993780.1200
2011-03-15	21.2300	-0.0283753	194.574	-0.142936	-47962954.2900
2011-03-14	21.8500	0.0215054	231.166	0.0826206	33587622.1600
2011-03-11	21.3900	-0.0124654	176.963	-0.145345	-44843624.9300
2011-03-10	21.6600	0.0102612	279.366	0.0162914	8006987.7000
2011-03-09	21.4400	0.023389	293.6	0.0688131	34794675.6200
2011-03-08	20.9500	-0.0108593	223.466	-0.177782	-67452614.4500
2011-03-07	21.1800	0.00426743	218.522	-0.0268396	-10028093.7400
2011-03-04	21.0900	0.000474383	171.995	0.0463861	13599018.0700
2011-03-03	21.0800	-0.0294659	224.099	-0.171282	-66623308.3300
2011-03-02	21.7200	-0.00183824	217.943	-0.0132642	-5088111.3100
2011-03-01	21.7600	0.0273843	311.272	-0.0176757	-9645016.4800
2011-02-28	21.1800	-0.0065666	218.856	0.0119754	4475997.2000
2011-02-25	21.3200	-0.0115902	146.121	-0.0953791	-24084519.8700
2011-02-24	21.5700	0.0164939	263.396	-0.00193411	-868113.1300
2011-02-23	21.2200	0.00236183	247.38	-0.0604912	-25770033.1700
2011-02-22	21.1700	-0.0718983	563.521	-0.123024	-122979165.5300
2011-02-21	22.8100	0	317.514	-0.0608852	-35528755.1600
2011-02-18	22.8100	-0.000438212	389.516	-0.0338699	-24276229.5900
2011-02-17	22.8200	-0.0399663	722.938	-0.108515	-145546770.5800
2011-02-16	23.7700	0.0531679	1681.17	0.220338	705906679.2000
2011-02-15	22.5700	0	0	0	0.0000
2011-02-14	22.5700	0	0	0	0.0000
2011-02-11	22.5700	0	0	0	0.0000
2011-02-10	22.5700	0	0	0	0.0000
2011-02-09	22.5700	0	0	0	0.0000
2011-02-01	22.5700	0	0	0	0.0000
2011-01-31	22.5700	0	0	0	0.0000
2011-01-28	22.5700	0	0	0	0.0000
2011-01-27	22.5700	0	0	0	0.0000
2011-01-26	22.5700	0	0	0	0.0000
2011-01-25	22.5700	0	0	0	0.0000
2011-01-24	22.5700	0	0	0	0.0000
2011-01-21	22.5700	0	0	0	0.0000
2011-01-20	22.5700	0	0	0	0.0000
2011-01-19	22.5700	0	0	0	0.0000
2011-01-18	22.5700	0	0	0	0.0000
2011-01-17	22.5700	0	0	0	0.0000
2011-01-14	22.5700	0	0	0	0.0000
2011-01-13	22.5700	0	0	0	0.0000
2011-01-12	22.5700	0	0	0	0.0000
2011-01-11	22.5700	0	0	0	0.0000
2011-01-10	22.5700	0	0	0	0.0000
2011-01-07	22.5700	0	0	0	0.0000
2011-01-06	22.5700	0	0	0	0.0000
2011-01-05	22.5700	0	0	0	0.0000
2011-01-04	22.5700	0	0	0	0.0000
2010-12-31	22.5700	0	0	0	0.0000
2010-12-30	22.5700	0	0	0	0.0000
2010-12-29	22.5700	0	0	0	0.0000
2010-12-28	22.5700	-0.013549	99.2077	0.0919395	16467954.5200
2010-12-27	22.8800	-0.0406709	121.851	0.0124656	2923789.2100
2010-12-24	23.8500	-0.029304	66.3823	-0.0774343	-10011840.7500
2010-12-23	24.5700	0.00531915	99.2257	-0.090264	-18027936.5200
2010-12-22	24.4400	-0.0113269	64.5288	-0.172119	-22115417.8900
2010-12-21	24.7200	-0.00643087	60.2028	-0.0447481	-5368056.6700
2010-12-20	24.8800	-0.0173776	143.312	-0.080078	-23027051.9000
2010-12-17	25.3200	0.0458488	137.135	0.183366	50964848.3600
2010-12-16	24.2100	0.0180824	54.0396	0.0289272	3066791.3000
2010-12-15	23.7800	0.00422297	68.2718	-0.0708765	-9327096.4100
2010-12-14	23.6800	-0.0116861	80.7187	-0.0525314	-8165798.1100
2010-12-13	23.9600	0.0243694	69.8749	0.0319853	4291410.2600
2010-12-10	23.3900	0.00128425	52.4183	-0.0888264	-8761411.5800
2010-12-09	23.3600	-0.0274771	62.1165	-0.178005	-21195538.3400
2010-12-08	24.0200	-0.0151702	50.1295	-0.0661788	-6471897.8200
2010-12-07	24.3900	0.0192227	42.7449	-0.113267	-9432343.3400
2010-12-06	23.9300	0.0020938	48.1662	-0.016819	-1568118.9000
2010-12-03	23.8800	-0.0132231	56.9758	0.0710049	7833393.6800
2010-12-02	24.2000	-0.0110339	86.5935	-0.0450594	-7714382.8200
2010-12-01	24.4700	-0.0180578	58.9765	-0.0417577	-4868588.0100
2010-11-30	24.9200	-0.0352304	81.22	-0.0963258	-15825438.6500
2010-11-29	25.8300	0.00116279	85.7622	0.121745	21967807.5500
2010-11-26	25.8000	-0.00309119	86.6887	-0.148284	-26619441.6600
2010-11-25	25.8800	0.0265768	151.336	-0.0271564	-8592891.3700
2010-11-24	25.2100	0.0387309	108.338	0.131325	28768438.2200
2010-11-23	24.2700	-0.0138155	124.222	0.0603501	14752288.6200
2010-11-22	24.6100	-0.0100563	90.3487	-0.0964185	-17640986.5700
2010-11-19	24.8600	0.0628474	131.705	0.125841	32629283.7200
2010-11-18	23.3900	-0.00805768	62.6263	-0.00517269	-616478.0500
2010-11-17	23.5800	-0.0727487	165.831	-0.274028	-89024040.7300
2010-11-16	25.4300	-0.0334474	163.045	-0.179049	-62227996.8800
2010-11-15	26.3100	0.0490431	173.963	0.286825	103684904.5000
2010-11-12	25.0800	-0.0316602	178.363	-0.0788788	-29342660.3100
2010-11-11	25.9000	0.0156863	167.823	0.144463	51912824.8700
2010-11-10	25.5000	0.0245078	236.66	0.021535	10659305.1900
2010-11-09	24.8900	-0.0154272	144.759	-0.0641989	-18618758.6200
2010-11-08	25.2800	0.0201776	159.51	0.0693617	22365113.2900
2010-11-05	24.7800	-0.00321802	122.708	0.0418852	10224242.5900
2010-11-04	24.8600	0.00892857	56.3508	0.085763	9653726.3300
2010-11-03	24.6400	-0.0198886	60.6973	-0.237775	-29194349.1100
2010-11-02	25.1400	-0.0129564	150.821	-0.0836991	-25530363.1400
2010-11-01	25.4700	0.000785855	175.61	0.0297815	10744383.3300
2010-10-29	25.4500	0.0362378	187.784	0.246733	93965783.3600
2010-10-28	24.5600	0.0136195	135.48	-0.0884475	-23731041.0800
2010-10-27	24.2300	-0.0292468	170.189	-0.184294	-62806220.6900
2010-10-26	24.9600	0.0621277	186.983	0.1871	68692091.5300
2010-10-25	23.5000	-0.0101095	132.556	-0.0403479	-10150564.0000
2010-10-22	23.7400	0.000421407	132.34	0.159272	40671687.2800
2010-10-21	23.7300	0.0286086	310.181	0.0882886	52980487.3500
2010-10-20	23.0700	0.0975262	337.476	0.18801	113222845.1900
2010-10-19	21.0200	0.0329238	177.499	0.155697	46369114.8000
2010-10-18	20.3500	-0.0135725	333.026	0.177764	94552847.8400
2010-10-15	20.6300	0.016757	200.212	-0.0613166	-20458930.1600
2010-10-14	20.2900	-0.0361045	148.979	-0.132737	-32915036.5800
2010-10-13	21.0500	-0.00707547	121.504	-0.0390506	-8118847.8200
2010-10-12	21.2000	-0.0315212	128.532	0.0673302	14964842.5600
2010-10-11	21.8900	-0.0544276	177.609	-0.105175	-33282193.7300
2010-10-08	23.1500	0.0207231	96.4939	0.0649942	11672573.6300
2010-09-30	22.6800	0.0120482	47.2371	0.292682	25389915.0900
2010-09-29	22.4100	-0.0252284	59.6049	-0.0924004	-10008744.8700
2010-09-28	22.9900	-0.000434783	33.6975	0.0899457	5647133.4600
2010-09-27	23.0000	0.0355696	55.2683	0.209235	21443574.3900
2010-09-21	22.2100	0.0272895	53.9407	0.343993	33240436.0600
2010-09-20	21.6200	-0.00368664	54.1055	0.115053	10923598.2700
2010-09-17	21.7000	0.00230947	56.8955	-0.131883	-13189365.4500
2010-09-16	21.6500	-0.0330505	56.008	-0.0508274	-5040054.0700
2010-09-15	22.3900	-0.00577265	35.5181	0.0927707	6004038.8400
2010-09-14	22.5200	-0.0187364	66.907	-0.108842	-13307628.8900
2010-09-13	22.9500	0.0013089	136.262	-0.0378201	-9328665.7200
2010-09-10	22.9200	0.0282638	75.9213	0.406863	57408776.3500
2010-09-09	22.2900	-0.0253607	48.8465	-0.0224288	-2027888.1000
2010-09-08	22.8700	0.0652073	43.8781	0.401888	32004175.5900
2010-09-07	21.4700	-0.0240909	52.6216	0.0435609	3982698.0900
2010-09-06	22.0000	-0.0134529	49.754	-0.301567	-26764745.5700
2010-09-03	22.3000	0.0173358	53.8332	0.158541	15178795.5200
2010-09-02	21.9200	0.0584259	65.6675	0.319836	37035898.9600
2010-09-01	20.7100	-0.0142789	81.8792	0.0310553	4343960.9200
2010-08-31	21.0100	0.0258789	144.982	0.278358	68608014.6800
2010-08-30	20.4800	0.0475703	107.642	0.368579	65276573.4800
2010-08-27	19.5500	0.00773196	38.3381	-0.162711	-9848865.7900
2010-08-26	19.4000	0.0280869	67.9868	0.0311948	3302780.0500
2010-08-25	18.8700	-0.000529661	63.76	-0.0962199	-9389423.3100
2010-08-24	18.8800	0.0177898	60.3384	0.0710797	6541633.6100
2010-08-23	18.5500	-0.00589496	116.946	-0.072105	-12654934.7000
2010-08-20	18.6600	-0.0585267	189.901	-0.154519	-44805106.7100
2010-08-19	19.8200	-0.0202669	75.856	-0.127795	-15613755.4200
2010-08-18	20.2300	-0.00687285	50.9349	-0.0192801	-1634312.6400
2010-08-17	20.3700	0.00394283	34.4332	-0.0367931	-2076678.5000
2010-08-16	20.2900	0.0299492	64.1498	0.155602	16351654.4800
2010-08-13	19.7000	0.0133745	48.9954	0.278722	21453572.7300
2010-08-12	19.4400	0.00569064	64.7206	0.0305696	3118444.3400
2010-08-11	19.3300	-0.00616967	34.491	-0.158052	-8537059.3400
2010-08-10	19.4500	-0.0413997	87.4082	-0.0913556	-12743401.8300
2010-08-09	20.2900	0.00644841	83.0854	-0.0919096	-12521680.0800
2010-08-06	20.1600	0.038105	63.9291	0.226311	23304143.9400
2010-08-05	19.4200	0.0194226	93.8927	0.167109	24561652.9800
2010-08-04	19.0500	-0.0119295	63.6931	-0.0468951	-4580359.7600
2010-08-03	19.2800	-0.0326141	46.5576	-0.0996308	-7347400.1800
2010-08-02	19.9300	0.0289107	46.9153	0.487149	36361005.6000
2010-07-30	19.3700	-0.00257467	37.0391	0.152477	8825706.4700
2010-07-29	19.4200	0.0188877	57.9156	0.134056	12061391.0300
2010-07-28	19.0600	0.0149095	35.6546	0.379481	20833186.3800
2010-07-27	18.7800	-0.00634921	34.0625	0.145047	7620198.8200
2010-07-26	18.9000	0.0150376	42.7973	-0.237977	-15456492.2300
2010-07-23	18.6200	0.0230769	84.851	0.0723137	9236424.3800
2010-07-22	18.2000	0.0150586	51.5914	0.0243485	1831187.5300
2010-07-21	17.9300	-0.0142936	61.5708	-0.167558	-15023045.1900
2010-07-20	18.1900	0.0612602	95.9079	0.221441	30571299.6600
2010-07-19	17.1400	0.00527859	43.4292	0.015286	916753.3000
2010-07-16	17.0500	0.00294118	26.1307	-0.0736921	-2638795.9100
2010-07-15	17.0000	-0.0252294	27.9953	-0.191851	-7526507.4600
2010-07-14	17.4400	0	34.2662	-0.146316	-7113171.0000
2010-07-13	17.4400	0.00229885	75.5652	-0.17234	-18407574.3500
2010-07-12	17.4000	-0.00400687	54.534	0.148782	11519947.1400
2010-07-09	17.4700	0.0198482	95.0734	0.080735	10760458.7400
2010-07-08	17.1300	-0.0177752	34.8504	-0.408131	-19797939.5200
2010-07-07	17.4400	0.00576701	20.4468	-0.362627	-10410481.4100
2010-07-06	17.3400	0.0206004	58.5617	0.244358	20128467.1500
2010-07-05	16.9900	-0.0023488	52.4193	-0.375203	-27098070.6500
2010-07-02	17.0300	-0.0301822	111.298	-0.0812664	-12500111.4800
2010-07-01	17.5600	-0.0502975	66.7512	-0.0421565	-4093235.4400
2010-06-30	18.4900	0.0375982	55.0471	0.167199	13545505.0600
2010-06-29	17.8200	-0.0330982	74.775	-0.155228	-16871806.2000
2010-06-28	18.4300	-0.003245	51.217	-0.00316891	-242518.0000
2010-06-25	18.4900	-0.0419689	63.7528	0.00472614	453264.9000
2010-06-24	19.3000	-0.00566718	28.698	-0.00647937	-292086.7200
2010-06-23	19.4100	0.00103146	51.6702	0.235772	19104580.4600
2010-06-22	19.3900	0.0114763	59.5265	0.0205951	1911004.9800
2010-06-21	19.1700	0.00577125	88.8931	-0.0584143	-8092647.9800
2010-06-18	19.0600	-0.0578349	183.684	-0.21839	-62471535.1300
2010-06-17	20.2300	-0.0887387	136.814	-0.0437022	-10070441.5200
2010-06-11	22.2000	-0.0443392	87.9556	-0.3063	-48807159.2600
2010-06-10	23.2300	-0.00428633	43.5932	0.0276613	2256779.0900
2010-06-09	23.3300	0.0480683	48.6713	0.201191	18049272.0000
2010-06-08	22.7500	0.0256988	42.688	0.00432711	333320.5100
2010-06-07	22.1800	0.0178981	31.7141	0.29972	16883768.0800
2010-06-04	21.7900	-0.00365798	19.1324	0.0752918	2523604.1600
2010-06-03	21.8700	0.00413223	50.6272	0.0517359	4733807.1200
2010-06-02	21.7800	0.0130233	23.2865	-0.171521	-6854154.7500
2010-06-01	21.5000	-0.0151168	71.685	0.0899557	11238322.9700
2010-05-31	21.8300	-0.0276169	54.3463	-0.197973	-19413220.2000
2010-05-28	22.4500	0.022779	55.6981	0.0682796	6960705.5400
2010-05-27	21.9500	0.0295497	50.3653	0.279372	24666362.8600
2010-05-26	21.3200	0.00423928	26.6438	0.0949958	4385303.7900
2010-05-25	21.2300	0.00999049	72.2046	0.238815	30050163.2200
2010-05-24	21.0200	0.0546914	79.9285	-0.00757635	-1028604.3100
2010-05-21	19.9300	-0.0143422	114.863	-0.0563214	-10260719.4000
2010-05-20	20.2200	0	0	0	0.0000
2010-05-19	20.2200	-0.016537	53.5446	-0.0320877	-2847657.6100
2010-05-18	20.5600	-0.0283554	68.7134	-0.0401674	-4556403.8600
2010-05-17	21.1600	-0.0235348	53.1441	-0.183234	-17025067.0800
2010-05-14	21.6700	0.0314136	54.8288	-0.0176582	-1697423.6300
2010-05-13	21.0100	0.053661	53.9089	-0.00331391	-299228.3000
2010-05-12	19.9400	-0.0413462	114.009	-0.250139	-46218558.3000
2010-05-11	20.8000	-0.0334572	89.0943	-0.32853	-49846023.3700
2010-05-10	21.5200	-0.0222626	99.015	-0.033072	-5750942.2300
2010-05-07	22.0100	-0.0291134	139.725	-0.0247812	-6282910.0600
2010-05-06	22.6700	0.000441306	136.008	-0.0557288	-13989746.0400
2010-05-05	22.6600	0.0505331	160.089	0.132695	38254356.9000
2010-05-04	21.5700	0.0415258	73.3319	0.0630806	7959890.3800
2010-04-30	20.7100	0.000966651	69.4167	-0.226791	-25608607.1200
2010-04-29	20.6900	-0.0245167	62.2351	0.019921	2138058.8500
2010-04-28	21.2100	0.00426136	54.5175	0.0784874	7296189.6600
2010-04-27	21.1200	-0.0121609	103.11	-0.132226	-23162041.3600
2010-04-26	21.3800	0.00375587	62.3191	-0.000128339	-13844.1200
2010-04-23	21.3000	-0.0202392	86.4711	0.150996	22909843.8400
2010-04-22	21.7400	-0.0118182	83.8952	-0.0723305	-10886255.5000
2010-04-21	22.0000	0.0013655	115.945	-0.0302009	-6253041.3100
2010-04-20	21.9700	0.0801377	174.909	0.229519	69743760.0900
2010-04-19	20.3400	0.0164918	123.868	0.0510474	10601018.7800
2010-04-16	20.0100	0.00653924	46.8401	0.277233	21003322.0100
2010-04-15	19.8800	-0.0259677	85.8562	-0.0680987	-9548842.6800
2010-04-14	20.4100	-0.00681265	74.3685	0.12505	15416650.7000
2010-04-13	20.5500	0.0264735	257.36	0.211338	90120573.4400
2010-04-12	20.0200	0.0427083	209.123	-0.017038	-5798336.8300
2010-04-09	19.2000	0.0317034	139.325	0.132179	28280291.1800
2010-04-08	18.6100	0.0230896	112.832	0.195819	33256771.9700
2010-04-07	18.1900	-0.00164654	89.8443	-0.118852	-15742666.9500
2010-04-06	18.2200	0.00385675	88.4502	0.00277685	363501.1300
2010-04-02	18.1500	0.0139665	99.9747	-0.0791449	-11579984.4300
2010-04-01	17.9000	0.0281447	90.6754	0.101107	13208393.6900
2010-03-31	17.4100	-0.00910643	34.6199	-0.0402144	-1965391.8700
2010-03-30	17.5700	-0.00340329	39.2793	-0.277902	-15506906.8500
2010-03-29	17.6300	0.0114745	76.2975	0.0188094	2043650.0800
2010-03-26	17.4300	0.00693241	24.5771	-0.0317086	-1096035.7800
2010-03-25	17.3100	-0.00402762	31.8699	-0.313177	-14023117.4500
2010-03-24	17.3800	0	30.258	-0.214687	-9131942.0600
2010-03-23	17.3800	-0.00515169	36.5388	-0.399991	-20661487.0000
2010-03-22	17.4700	-0.00171429	44.3336	-0.181928	-11379786.2100
2010-03-19	17.5000	-0.002849	51.6363	-0.217293	-15789555.7800
2010-03-18	17.5500	-0.00735294	67.7173	-0.11049	-10625472.1500
2010-03-17	17.6800	0.0114416	64.4082	-0.0887568	-8131828.7500
2010-03-16	17.4800	-0.0168729	47.9657	-0.212701	-14378771.9800
2010-03-15	17.7800	0.0224267	64.006	0.0629725	5703802.5200
2010-03-12	17.3900	-0.00628571	53.6841	-0.108484	-8259974.1000
2010-03-11	17.5000	-0.0107405	31.465	-0.419993	-18859196.6200
2010-03-10	17.6900	-0.018313	38.3805	-0.284637	-15735751.8100
2010-03-09	18.0200	0.000555247	27.3748	0.675442	26964425.5400
2010-03-08	18.0100	0.00222593	25.2612	0.436139	16090331.8400
2010-03-01	18.9000	0.010155	111.919	0.555131	94215274.7700
